0 1
0 2
0 3
0 4
0 5
0 6
0 7
0 8
0 10
0 11
0 12
0 13
0 14
0 15
0 16
0 18
0 20
0 22
0 27
0 28
0 29
0 31
0 32
0 36
0 41
0 46
0 48
0 59
0 62
0 70
0 73
0 75
0 78
0 86
0 90
1 5
1 8
1 12
1 13
1 14
1 18
1 20
1 21
1 61
1 63
1 66
1 72
1 75
1 84
1 90
1 91
1 92
1 93
2 5
2 6
2 9
2 13
2 35
2 51
2 72
2 76
2 97
2 79
2 3
3 7
3 11
3 15
3 12
3 20
3 23
3 24
3 25
3 28
3 29
3 35
3 36
3 37
3 41
3 43
3 45
3 49
3 50
3 54
3 55
3 59
3 60
3 68
3 76
3 82
3 95
3 96
4 5
4 6
4 9
4 21
4 27
4 41
4 51
4 52
4 73
5 6
5 7
5 9
5 13
5 16
5 18
5 19
5 23
5 24
5 31
5 32
5 38
5 42
5 45
5 50
5 53
5 54
5 59
5 62
5 63
5 64
5 74
5 78
5 84
5 86
5 89
5 93
5 95
6 7
6 8
6 10
6 11
6 19
6 81
6 52
6 58
6 59
6 64
6 91
6 95
7 8
7 9
7 66
7 18
7 16
7 17
7 26
7 33
7 40
7 32
7 44
7 74
8 11
8 15
8 21
8 23
8 35
8 33
8 40
8 47
8 61
8 68
8 70
8 76
8 80
8 83
8 89
8 95
10 9
10 20
10 26
10 30
10 36
10 39
10 84
11 12
11 14
11 16
11 19
12 24
12 28
12 45
12 51
12 66
12 87
13 14
13 17
13 22
13 25
13 27
13 29
13 31
13 34
13 38
13 44
13 48
13 52
13 62
13 67
13 69
13 81
13 82
13 94
14 17
14 46
15 9
15 17
15 19
15 30
15 33
15 36
15 43
15 39
15 47
15 48
15 82
15 91
15 92
16 25
16 49
16 53
16 58
16 68
18 22
18 23
18 32
18 33
18 34
18 37
18 39
18 44
18 53
18 57
18 77
18 85
18 87
18 97
20 21
20 37
22 21
22 28
22 70
27 9
27 40
27 96
28 51
28 52
28 66
28 71
29 9
31 9
31 64
31 78
31 80
32 21
32 34
32 38
32 39
32 55
32 83
36 46
36 90
36 61
36 50
36 56
36 57
36 94
41 21
41 54
46 9
48 38
48 57
48 92
59 26
59 83
62 26
70 34
70 88
73 30
73 35
73 87
73 88
73 98
75 26
75 50
75 89
78 24
86 49
86 50
90 67
21 24
21 49
61 38
61 71
61 77
63 9
63 55
63 64
63 65
66 49
72 19
72 37
84 30
91 9
92 34
92 96
93 38
93 65
9 25
9 26
9 35
9 42
9 44
9 45
9 50
9 65
9 79
9 88
9 89
35 82
51 55
51 81
51 98
76 57
76 85
97 77
97 26
79 99
79 26
25 30
25 34
25 60
25 68
37 99
37 30
37 42
37 69
37 94
37 96
43 56
43 34
49 47
49 58
49 65
50 80
54 77
54 52
54 69
55 34
60 26
60 52
99 39
99 53
19 53
19 98
38 26
38 42
42 57
42 71
53 56
53 88
64 69
64 71
74 34
74 58
74 77
81 33
58 40
58 83
58 85
26 30
26 40
26 67
40 47
40 67
47 34
47 65
47 98
80 77
39 85
87 77
34 56
67 65
94 77
