0 2
0 3
0 5
0 7
0 9
0 19
0 24
0 48
0 52
0 57
0 65
1 2
1 3
1 4
1 6
1 7
1 16
1 31
1 32
1 86
2 10
2 13
2 21
2 25
2 26
2 48
2 49
2 50
2 51
2 57
2 58
2 61
2 62
3 4
3 5
3 12
3 24
3 49
3 76
4 6
4 14
4 16
4 17
4 19
4 20
4 27
4 41
4 63
4 66
4 81
5 8
5 20
5 65
5 81
6 26
6 37
6 62
6 90
7 8
7 9
7 15
7 17
7 18
7 30
7 44
7 88
8 11
8 13
8 14
8 23
8 29
8 40
8 41
8 73
9 10
9 11
9 12
9 28
9 44
9 64
9 87
10 22
10 39
10 45
10 80
10 94
10 96
11 18
11 34
11 42
11 50
11 61
12 93
13 23
13 32
13 37
13 82
13 86
14 15
14 47
14 84
14 92
15 70
15 99
16 21
16 35
16 76
16 78
17 22
17 27
17 31
17 35
18 96
20 33
20 38
20 66
20 67
21 28
21 53
22 79
23 69
23 72
23 88
23 91
24 25
24 34
24 45
24 84
25 30
25 38
25 46
25 68
26 33
26 47
26 71
26 93
27 58
28 29
28 40
28 55
28 97
29 39
29 71
29 75
29 83
29 89
30 74
31 56
31 91
32 53
33 85
34 36
35 36
35 43
35 82
36 78
37 60
40 42
40 43
40 99
41 46
41 69
42 51
42 67
42 68
43 54
43 83
45 73
45 77
45 92
48 63
49 52
49 54
49 80
50 56
50 59
50 98
52 95
53 64
54 55
55 60
55 87
57 74
58 59
60 70
63 72
65 75
69 85
70 77
73 90
73 95
75 97
76 79
86 89
86 94
97 98
