0 2
0 3
0 4
0 5
0 7
0 8
0 10
0 14
0 47
0 53
0 55
0 63
0 68
0 73
0 80
0 90
1 2
1 4
1 5
1 6
1 8
1 9
1 12
1 13
1 15
1 17
1 18
1 20
1 22
1 25
1 30
1 31
1 42
1 46
1 50
1 57
1 65
1 83
2 3
2 10
2 11
2 12
2 20
2 34
2 40
2 64
2 67
2 74
2 81
2 86
2 90
2 96
3 7
3 9
3 16
3 21
3 23
3 24
3 31
3 33
3 34
3 35
3 38
3 40
3 50
3 52
3 61
3 71
3 78
3 82
3 91
4 18
4 32
4 37
4 39
5 6
5 15
5 36
5 68
5 74
5 92
5 95
5 97
6 16
6 23
6 28
6 29
6 32
6 35
6 41
6 43
6 57
6 76
6 78
6 96
7 49
8 27
8 28
8 53
8 72
9 11
9 41
9 44
9 84
10 13
10 19
10 21
10 22
10 24
10 26
10 37
10 39
10 43
10 55
10 60
10 76
10 79
10 85
10 89
10 94
11 52
11 61
12 14
12 17
12 33
14 27
14 45
14 64
15 98
17 19
17 58
17 63
17 67
18 25
18 29
18 51
18 62
18 87
19 69
20 79
21 47
21 62
21 77
21 87
21 93
22 26
22 44
22 48
22 80
23 30
23 46
23 48
23 49
23 72
23 88
24 42
24 59
24 82
24 99
26 65
29 38
29 54
29 66
29 70
29 75
29 83
30 36
30 51
30 56
30 92
31 56
35 94
36 66
39 58
39 59
39 86
39 93
39 97
42 54
42 98
43 45
43 88
45 91
50 85
51 70
55 95
56 60
58 81
59 75
60 69
61 71
61 84
64 89
65 77
71 73
71 99
