0 2
0 7
0 12
0 21
0 63
0 74
1 2
1 3
1 4
1 5
1 6
1 8
1 11
1 25
1 31
1 32
1 35
1 36
1 59
1 77
1 78
2 3
2 7
2 8
2 9
2 10
2 32
2 41
2 42
2 56
2 61
2 86
3 4
3 5
3 10
3 14
3 19
3 26
3 37
3 64
3 76
3 93
4 6
4 24
4 35
4 79
5 13
5 15
5 16
5 33
5 42
5 45
5 48
5 49
5 83
5 99
6 9
6 12
6 18
6 27
6 39
6 68
6 82
7 34
7 49
7 51
8 14
8 17
8 23
8 25
8 36
8 79
8 85
9 20
9 33
9 70
10 11
10 16
10 17
10 18
10 22
10 28
10 52
10 55
10 63
10 97
11 20
11 23
11 30
11 40
11 60
11 65
11 73
12 13
12 15
12 29
12 44
12 48
12 96
12 99
13 41
13 46
13 47
13 62
13 69
13 71
14 19
14 22
14 40
14 54
15 24
15 26
15 28
15 38
15 51
15 57
16 75
17 29
17 31
17 59
17 67
17 85
19 50
20 21
20 43
20 71
21 37
21 61
22 81
22 84
23 27
23 38
23 53
23 60
23 94
24 30
24 94
25 39
25 43
25 44
25 47
25 55
25 77
27 34
28 98
29 75
31 93
32 76
33 46
33 56
34 53
34 58
34 66
34 69
34 87
35 50
35 52
35 73
35 90
37 74
38 66
38 70
38 95
43 68
44 45
44 90
45 58
45 65
46 86
47 62
47 87
47 92
48 89
49 89
50 57
51 54
54 82
57 84
57 95
58 72
60 64
61 91
61 92
63 72
63 80
66 67
67 97
68 83
70 78
71 81
72 88
75 98
77 80
82 91
84 88
90 96
