0 2
0 5
0 9
0 13
0 17
0 19
0 23
0 24
0 25
0 26
0 30
0 41
0 98
1 2
1 3
1 4
1 6
1 13
1 15
1 20
1 29
1 40
1 42
1 65
1 74
1 75
1 76
1 83
1 87
1 94
2 3
2 5
2 8
2 16
2 21
2 48
2 69
3 4
3 6
3 7
3 12
3 27
3 35
3 44
3 47
4 12
4 56
4 63
4 77
4 78
5 7
5 8
5 9
5 32
5 76
6 10
6 11
6 19
6 20
6 24
6 33
6 36
6 65
7 15
7 21
7 35
7 55
8 10
8 11
8 39
8 45
8 68
8 90
9 14
9 17
9 30
9 36
9 48
9 56
9 58
10 29
10 33
10 34
10 67
10 91
11 22
11 25
11 27
11 28
11 37
11 62
11 63
11 70
11 92
12 14
12 18
12 22
12 34
12 37
12 40
12 79
13 26
13 38
13 54
13 55
13 80
13 81
15 16
15 18
15 31
15 43
15 64
15 67
15 72
15 73
15 91
16 28
16 64
17 61
17 73
18 44
18 59
18 84
18 94
19 23
19 39
19 72
20 42
21 32
23 31
23 54
24 49
25 41
25 47
25 49
25 52
25 60
25 95
27 69
30 45
30 61
30 62
30 68
31 38
32 57
32 84
33 46
33 89
34 52
34 59
34 79
36 43
36 51
36 53
37 58
37 74
37 93
38 82
38 85
38 90
40 60
40 66
41 50
41 57
41 97
42 50
42 85
42 88
44 46
45 51
48 53
48 96
51 66
56 71
57 88
59 89
62 71
62 78
62 83
62 93
63 92
64 77
64 99
65 86
68 70
68 98
69 75
70 96
75 82
76 86
77 80
79 81
86 87
87 95
89 99
96 97
