0 2
0 4
0 5
0 10
0 12
0 16
0 18
0 23
0 56
0 86
1 2
1 3
1 6
1 7
1 8
1 26
1 34
1 43
1 59
1 60
2 3
2 8
2 12
2 13
2 15
2 16
2 18
2 24
2 47
2 80
3 4
3 5
3 7
3 15
3 28
3 33
3 43
3 44
4 6
4 9
4 10
4 14
4 28
4 41
4 85
5 19
5 29
6 9
6 14
6 38
6 76
6 89
7 11
7 51
8 17
8 37
8 39
8 46
8 84
9 11
9 13
9 31
9 48
10 50
10 55
10 93
11 44
11 54
11 79
12 17
12 19
12 36
12 62
12 69
12 87
13 21
13 29
13 53
13 66
13 69
13 91
14 22
14 40
14 45
14 48
14 62
15 20
16 34
16 75
17 20
17 22
17 82
17 84
18 21
18 23
18 30
18 45
18 56
18 90
19 24
19 27
19 36
19 65
19 66
19 68
19 99
20 32
20 38
20 89
21 26
21 33
21 63
22 25
22 31
22 72
22 94
23 27
23 50
24 25
24 70
25 30
25 32
25 55
25 63
26 35
26 60
27 71
27 90
27 95
29 52
29 58
29 77
30 73
31 35
33 40
33 53
33 98
34 37
34 49
35 46
35 91
36 42
36 57
36 67
37 78
37 92
37 93
38 39
38 72
38 78
39 41
39 42
40 74
40 76
41 47
41 61
42 68
43 51
43 64
44 52
46 82
47 49
47 70
47 75
49 59
49 97
50 54
51 71
51 80
51 86
51 87
51 88
51 99
53 57
55 58
56 74
58 92
59 61
59 65
59 67
59 96
61 64
64 83
64 88
65 77
66 73
66 79
67 81
67 83
67 94
71 85
76 97
78 95
80 81
82 96
94 98
