0 4
0 5
0 7
0 8
0 9
0 15
0 25
0 26
0 61
0 71
0 91
0 99
0 154
0 198
0 250
0 270
1 4
1 5
1 6
1 7
1 9
1 16
1 17
1 18
1 20
1 25
1 28
1 45
1 46
1 54
1 57
1 58
1 66
1 78
1 88
1 95
1 111
1 119
1 190
1 209
1 228
1 246
1 256
2 4
2 5
2 6
2 7
2 8
2 12
2 16
2 17
2 26
2 46
2 53
2 59
2 99
2 110
2 142
2 164
2 169
2 195
3 4
3 5
3 8
3 9
3 14
3 17
3 19
3 30
3 37
3 41
3 43
3 51
3 55
3 63
3 70
3 95
3 103
3 136
3 144
3 182
3 280
4 6
4 8
4 10
4 11
4 13
4 14
4 21
4 23
4 24
4 39
4 79
4 108
4 130
4 163
4 169
4 173
4 189
4 190
5 6
5 7
5 10
5 11
5 14
5 16
5 20
5 21
5 27
5 41
5 91
5 101
5 120
5 164
5 184
5 196
5 215
5 237
5 292
6 11
6 21
6 34
6 39
6 49
6 54
6 55
6 60
6 67
6 71
6 72
6 76
6 95
6 128
6 129
6 145
6 159
6 171
6 180
6 181
6 229
7 13
7 23
7 30
7 38
7 41
7 78
7 97
7 105
7 161
8 9
8 10
8 12
8 15
8 40
8 44
8 45
8 53
8 62
8 75
8 79
8 90
8 123
8 137
8 138
8 177
8 261
9 10
9 12
9 13
9 14
9 32
9 42
9 74
9 81
9 105
9 112
9 128
9 132
9 227
9 232
9 276
10 11
10 13
10 18
10 24
10 25
10 50
10 93
10 104
10 107
10 126
10 157
10 187
10 199
10 285
10 296
11 12
11 18
11 20
11 22
11 24
11 28
11 31
11 35
11 36
11 40
11 51
11 57
11 64
11 71
11 86
11 88
11 168
11 209
11 224
11 262
11 265
12 15
12 19
12 26
12 29
12 30
12 39
12 45
12 106
12 116
12 148
12 155
12 218
13 26
13 27
13 28
13 30
13 35
13 47
13 82
13 98
13 130
13 155
13 206
13 232
13 234
13 240
13 252
13 281
14 15
14 17
14 20
14 29
14 36
14 66
14 67
14 69
14 84
14 88
14 93
14 101
14 155
14 187
14 210
14 255
15 16
15 19
15 23
15 38
15 55
15 59
15 65
15 75
15 94
15 167
15 175
15 216
15 266
16 19
16 24
16 29
16 34
16 36
16 37
16 38
16 41
16 84
16 87
16 178
16 219
16 287
17 18
17 21
17 33
17 42
17 53
17 56
17 70
17 115
17 133
17 151
17 162
17 233
17 249
17 290
18 22
18 31
18 37
18 54
18 68
18 85
18 89
18 144
18 146
18 276
19 54
19 60
19 113
20 22
20 23
20 32
20 42
20 43
20 57
20 65
20 68
20 74
20 77
20 84
20 146
20 182
20 191
20 263
20 291
21 22
21 27
21 29
21 31
21 34
21 35
21 55
21 85
21 102
21 227
21 238
21 258
22 50
22 63
22 76
22 81
22 100
22 121
22 239
23 25
23 27
23 33
23 40
23 96
23 97
23 126
23 131
23 167
23 186
24 32
24 47
24 61
24 73
24 98
24 139
24 166
24 180
24 192
24 263
25 35
25 48
25 67
25 69
25 77
25 122
25 135
26 28
26 31
26 44
26 61
26 80
26 86
26 97
26 119
26 183
26 225
27 32
27 51
27 63
27 68
27 118
27 258
28 36
28 49
28 52
28 75
28 76
28 109
28 126
28 155
28 160
28 162
28 166
28 230
29 37
29 64
29 72
29 170
29 174
29 206
29 273
29 278
29 298
30 40
30 58
30 59
30 111
30 123
30 128
30 129
30 140
30 235
30 243
31 33
31 38
31 39
31 42
31 46
31 52
31 67
31 72
31 98
31 120
31 132
31 143
31 178
31 189
31 219
31 241
31 244
31 252
32 33
32 50
32 62
32 65
32 104
32 108
32 115
32 134
32 167
32 175
32 187
32 195
32 296
32 299
33 34
33 70
33 202
33 205
33 246
33 248
34 43
34 44
34 49
34 56
34 71
34 121
34 129
34 211
34 228
34 291
35 47
35 60
35 94
35 105
35 117
35 130
35 139
36 48
36 58
36 59
36 69
36 91
36 122
36 124
36 135
36 138
36 173
36 181
36 265
36 266
37 49
37 201
37 224
37 274
37 285
37 287
38 48
38 73
38 78
38 92
38 163
38 193
38 267
38 273
39 43
39 47
39 62
39 66
39 139
39 261
40 50
40 57
40 83
40 106
40 121
40 138
40 148
40 156
40 176
40 210
40 225
41 44
41 46
41 56
41 78
41 83
41 92
41 113
41 158
41 212
42 77
42 85
42 156
42 186
42 233
43 45
43 64
43 135
43 172
43 185
43 236
44 51
44 76
44 89
44 120
44 127
44 179
44 207
44 212
44 243
45 48
45 52
45 112
45 114
45 259
46 116
46 118
46 177
46 231
46 232
46 237
46 260
46 299
47 53
47 87
47 96
47 134
47 140
47 165
47 185
47 237
47 255
48 52
48 56
48 100
48 110
49 124
49 168
49 219
49 224
50 85
50 92
50 117
50 271
50 278
51 62
51 65
51 107
51 117
51 118
51 228
51 242
52 82
52 98
52 126
52 132
52 143
52 147
52 189
52 213
52 297
53 86
53 94
53 95
54 60
54 64
54 107
54 115
55 81
55 158
55 183
56 63
56 97
56 145
56 292
57 58
57 61
57 101
57 149
57 157
57 215
57 216
57 268
58 72
58 74
58 79
58 104
58 110
58 242
58 268
59 75
59 77
59 100
59 114
59 147
59 150
59 188
59 222
59 242
59 274
59 283
60 66
60 152
60 162
60 206
60 208
60 279
61 96
61 144
61 149
61 150
61 216
61 264
62 200
62 215
62 244
62 290
63 74
63 124
63 137
63 160
63 190
63 220
63 264
64 86
64 89
64 96
64 99
64 102
64 107
64 109
64 141
64 143
64 294
65 69
65 93
65 130
65 136
65 138
65 141
65 145
65 204
65 234
65 240
65 277
66 68
66 113
66 117
66 125
66 140
66 199
66 243
67 70
67 118
67 136
68 80
68 163
68 202
69 73
69 90
69 131
69 159
69 220
69 241
69 264
69 292
70 112
70 174
70 227
70 278
71 73
71 83
71 263
72 80
72 87
72 93
72 109
72 154
72 168
72 191
72 204
72 213
72 223
72 273
73 81
73 82
73 83
73 92
73 99
73 100
73 108
73 133
73 153
73 231
73 247
73 284
74 84
74 103
74 125
74 137
74 210
74 229
75 112
75 161
75 276
76 79
76 89
76 147
76 169
76 184
76 226
76 274
77 101
77 114
77 260
77 266
78 80
78 87
78 102
78 145
78 199
78 228
78 240
79 149
79 157
79 221
80 119
80 159
80 238
80 249
80 255
81 82
81 110
81 163
81 259
82 102
82 103
82 182
82 295
83 91
83 106
83 122
83 124
83 168
83 226
84 129
84 171
84 237
85 90
85 197
85 222
86 90
86 94
86 116
86 137
86 162
86 179
87 88
87 111
87 142
87 177
87 181
88 198
88 260
88 268
88 271
89 104
89 214
89 241
90 103
90 134
90 250
91 200
91 212
91 253
91 276
92 133
92 221
93 253
93 267
93 278
94 111
94 159
95 148
95 200
95 233
96 109
96 134
96 214
96 217
97 127
97 199
97 205
97 207
97 209
97 275
98 105
98 123
98 146
98 153
98 186
98 218
98 236
99 274
100 108
100 292
101 115
101 142
101 151
102 253
102 286
103 114
103 122
103 127
103 141
103 164
103 230
103 231
103 297
104 106
104 120
104 125
104 153
104 172
104 203
105 192
105 259
105 288
105 293
106 217
106 251
107 131
107 160
107 250
108 141
108 183
108 197
108 212
108 217
109 165
109 172
109 174
110 113
110 123
110 131
110 223
110 230
110 236
111 119
111 121
111 173
111 184
111 247
111 254
112 139
112 219
112 234
112 254
112 282
112 283
114 211
115 116
115 136
115 147
115 178
115 192
115 245
115 257
116 132
116 196
117 158
118 154
118 201
118 203
118 289
119 127
119 140
119 256
120 225
120 295
121 191
121 216
121 270
121 284
121 287
121 288
122 133
122 175
122 201
122 222
122 277
123 125
123 151
123 165
123 196
123 293
124 128
124 152
124 182
124 195
124 233
125 156
125 173
125 177
125 178
125 181
125 193
125 204
125 230
126 152
126 167
126 236
127 142
127 196
127 208
127 231
127 232
127 279
127 281
128 193
128 211
129 150
129 254
130 185
130 221
130 238
131 149
131 153
131 247
131 268
131 277
132 152
132 158
132 176
132 272
133 146
133 148
133 154
133 270
134 135
134 175
134 258
135 151
136 194
137 169
137 234
137 283
137 298
138 187
138 213
138 247
138 286
139 144
139 184
139 285
139 294
140 172
140 269
141 150
141 170
141 201
141 240
141 262
141 265
141 299
142 143
142 161
142 200
142 224
142 291
143 170
143 176
143 192
144 194
144 210
145 174
145 195
145 251
146 194
146 241
147 197
147 202
147 262
148 156
148 157
148 171
148 190
148 266
148 272
149 160
149 243
149 272
150 176
150 221
150 257
150 260
150 262
151 170
151 180
151 207
151 227
152 198
152 218
152 235
152 280
152 281
153 166
153 288
155 161
155 204
156 164
156 166
156 193
156 259
157 213
157 214
157 235
158 220
158 299
160 165
160 180
160 185
160 203
161 171
161 186
161 188
163 203
163 205
163 206
163 214
163 215
163 217
163 222
163 275
164 194
164 249
164 267
164 279
164 284
165 197
166 239
166 255
166 264
167 280
167 284
168 281
168 298
172 208
173 179
173 208
173 226
173 248
174 211
175 179
175 250
175 269
175 270
175 282
176 188
176 198
178 205
179 189
179 272
179 297
180 188
180 235
182 183
182 220
182 256
183 202
184 267
187 191
188 238
188 257
188 294
189 261
191 282
192 226
192 229
192 258
192 289
193 249
193 295
194 209
195 271
197 295
198 275
198 282
198 293
199 252
199 294
201 218
201 269
201 290
201 296
202 248
204 207
204 223
204 225
205 223
205 229
206 265
207 269
208 245
208 246
208 261
209 288
211 239
216 239
216 293
218 273
219 256
222 257
222 283
222 285
223 248
224 254
224 271
225 244
225 251
226 245
227 290
229 245
232 280
235 251
236 246
239 279
240 242
240 291
241 244
241 253
241 275
241 277
241 297
245 252
246 286
253 263
253 296
262 286
266 287
277 289
286 298
287 289
