0 4
0 5
0 6
0 8
0 9
0 21
0 22
0 29
0 50
0 61
0 65
0 78
0 98
0 117
0 122
0 130
0 186
1 4
1 9
1 11
1 12
1 14
1 16
1 17
1 18
1 27
1 37
1 43
1 58
1 66
1 84
1 145
1 158
1 161
1 174
1 183
1 195
1 205
1 208
1 248
1 256
1 290
1 293
2 4
2 5
2 6
2 7
2 9
2 14
2 20
2 21
2 26
2 30
2 41
2 42
2 50
2 62
2 93
2 95
2 101
2 114
2 118
2 119
2 146
2 148
2 188
2 191
2 215
2 222
2 225
2 262
3 4
3 5
3 6
3 7
3 8
3 10
3 12
3 21
3 25
3 26
3 27
3 30
3 33
3 34
3 54
3 70
3 82
3 96
3 106
3 130
3 170
3 211
3 227
3 260
3 264
4 5
4 6
4 7
4 8
4 10
4 11
4 13
4 15
4 16
4 25
4 30
4 33
4 37
4 40
4 42
4 44
4 55
4 84
4 91
4 112
4 117
4 186
4 201
4 205
4 220
5 8
5 10
5 13
5 15
5 20
5 27
5 33
5 36
5 71
5 77
5 100
5 111
5 116
5 136
5 175
5 181
5 244
5 266
5 277
6 7
6 10
6 11
6 14
6 19
6 22
6 29
6 31
6 35
6 36
6 41
6 44
6 59
6 65
6 110
6 131
6 136
6 137
6 161
6 199
6 226
6 235
7 9
7 16
7 17
7 19
7 24
7 32
7 49
7 86
7 106
7 116
7 141
7 280
8 12
8 13
8 14
8 17
8 18
8 23
8 24
8 26
8 34
8 39
8 45
8 54
8 60
8 74
8 76
8 99
8 107
8 116
8 150
8 172
8 178
8 179
8 202
8 205
8 220
8 278
9 11
9 19
9 23
9 56
9 57
9 61
9 66
9 87
9 92
9 96
9 112
9 141
9 155
9 160
9 200
9 211
9 264
9 289
9 299
10 12
10 25
10 28
10 49
10 56
10 66
10 157
10 196
11 15
11 23
11 24
11 40
11 41
11 46
11 52
11 53
11 62
11 64
11 80
11 135
11 174
11 198
11 208
11 245
11 248
11 273
11 281
12 13
12 15
12 18
12 20
12 29
12 37
12 38
12 70
12 71
12 79
12 82
12 153
13 31
13 34
13 35
13 72
13 85
13 90
13 101
13 109
13 165
13 247
13 256
14 24
14 43
14 46
14 52
14 94
14 111
14 149
14 183
14 223
15 16
15 19
15 26
15 31
15 32
15 57
15 79
15 95
15 121
15 144
15 146
15 147
15 290
16 17
16 34
16 47
16 84
16 113
16 121
16 141
16 143
16 206
16 222
16 223
16 277
17 18
17 31
17 47
17 88
17 124
17 128
17 150
17 151
17 155
17 169
17 197
17 242
17 244
18 23
18 35
18 60
18 82
18 138
18 186
19 20
19 21
19 22
19 28
19 30
19 32
19 44
19 63
19 73
19 88
19 102
19 105
19 115
19 166
19 199
19 209
19 249
19 261
20 25
20 63
20 72
20 83
20 88
20 96
20 103
20 118
20 121
20 136
20 149
20 167
20 200
20 208
20 232
21 22
21 28
21 36
21 37
21 49
21 67
21 73
21 74
21 75
21 77
21 89
21 127
21 134
21 139
21 150
21 207
21 218
21 248
21 258
21 269
22 28
22 33
22 45
22 48
22 51
22 53
22 71
22 137
22 138
22 177
22 187
22 200
22 230
22 249
23 36
23 41
23 99
23 110
23 124
23 133
23 134
23 150
23 269
23 298
24 59
24 69
24 107
24 142
24 182
24 245
24 295
25 29
25 38
25 39
25 42
25 58
25 89
25 133
25 140
25 184
25 299
26 27
26 40
26 53
26 56
26 57
26 68
26 72
26 111
26 275
27 32
27 35
27 65
27 68
27 75
27 87
27 91
27 97
27 119
27 131
27 133
27 145
27 154
27 195
27 271
27 274
28 102
28 113
28 185
28 190
28 288
29 63
29 78
29 98
29 108
29 128
29 232
30 49
30 63
30 65
30 69
30 86
30 100
30 106
30 148
30 157
30 171
30 179
30 220
30 259
31 46
31 58
31 72
31 83
31 125
31 206
31 227
31 246
31 260
32 51
32 95
32 102
32 115
32 177
32 182
32 183
32 230
33 38
33 42
33 44
33 47
33 116
33 137
33 169
33 183
33 229
33 246
34 61
34 104
34 122
34 126
34 138
34 176
34 219
34 233
34 296
35 39
35 40
35 53
35 61
35 66
35 74
35 77
35 79
35 83
35 136
35 153
35 162
35 206
35 212
35 224
35 267
36 38
36 43
36 97
36 235
36 249
36 250
37 39
37 47
37 51
37 55
37 58
37 78
37 90
37 108
37 119
37 123
37 154
37 172
37 210
37 216
37 237
38 45
38 46
38 48
38 54
38 55
38 56
38 101
38 109
38 120
38 192
38 207
38 254
39 50
39 92
39 119
39 198
39 250
39 286
40 71
40 129
40 187
40 280
41 79
41 80
41 96
41 135
41 167
41 248
41 256
41 285
42 43
42 48
42 64
42 75
42 89
42 103
42 104
42 107
42 170
42 176
42 188
42 202
42 207
42 275
43 55
43 64
43 84
43 101
43 164
43 189
44 45
44 48
44 50
44 52
44 67
44 70
44 74
44 93
44 104
44 142
44 191
44 258
45 67
45 69
45 181
45 194
45 195
45 211
45 252
45 257
45 277
46 51
46 164
46 184
47 139
48 57
48 68
48 91
48 123
48 124
48 131
48 142
48 144
48 229
48 236
48 288
49 59
49 76
49 144
49 165
49 209
49 263
50 52
50 54
50 60
50 81
50 181
50 206
50 231
50 233
50 254
50 291
51 59
51 154
51 257
51 262
51 291
52 129
52 169
52 174
52 201
52 267
52 272
53 62
53 132
53 149
53 177
53 240
53 245
54 64
54 93
54 110
54 189
55 62
55 171
55 174
56 93
56 102
56 112
56 146
56 170
56 207
56 210
56 263
56 283
56 284
57 67
57 108
57 154
57 161
57 163
57 258
58 60
58 77
58 132
58 162
58 237
59 70
59 80
59 81
59 85
59 110
59 143
59 193
60 88
60 99
60 165
61 69
61 82
61 100
61 103
61 117
61 142
61 156
61 176
61 210
61 254
61 265
61 273
62 163
62 189
62 196
63 68
63 78
63 83
63 94
63 152
63 158
63 162
63 168
63 180
64 140
64 258
64 278
65 73
65 125
65 148
65 168
65 194
65 203
66 76
66 86
66 151
66 160
66 180
67 95
67 134
67 139
67 159
67 238
67 243
67 292
68 76
68 81
68 85
68 99
68 129
68 185
68 224
69 73
69 138
69 214
69 232
69 277
70 75
70 100
71 222
71 282
72 87
72 90
72 180
73 98
73 112
73 120
73 148
73 272
73 289
74 86
74 107
74 157
75 81
75 85
75 87
75 135
75 145
75 149
75 159
76 90
76 175
76 209
76 265
76 272
76 278
77 80
77 94
77 185
77 196
77 234
77 267
78 89
78 120
78 216
78 272
79 92
79 114
79 167
80 143
80 146
81 140
81 152
81 155
81 159
81 213
83 127
83 193
83 198
83 282
83 285
84 121
84 156
84 294
85 103
85 118
85 125
85 126
85 144
85 179
85 214
85 226
85 240
85 268
86 105
86 126
86 223
87 94
87 227
87 267
88 91
88 97
88 105
88 128
88 147
88 171
88 204
89 140
89 179
89 203
89 216
89 217
90 98
90 113
90 164
90 210
90 213
90 236
90 281
91 92
91 104
91 164
91 193
92 123
93 125
93 293
94 191
94 201
94 221
94 232
94 251
94 265
95 181
96 97
96 187
96 220
96 221
96 235
96 236
97 160
97 214
97 226
97 239
97 291
98 135
98 192
98 202
98 238
98 259
98 286
99 105
99 106
99 111
99 115
99 128
100 114
100 118
100 147
101 109
101 114
101 115
101 175
102 230
103 147
103 252
103 259
104 130
104 131
104 228
104 234
104 270
105 129
105 151
105 156
105 235
106 186
106 221
106 296
107 108
107 117
107 217
107 279
108 109
108 185
108 244
109 127
109 158
109 162
109 212
109 218
109 250
109 275
109 281
109 294
110 132
110 134
111 113
111 124
111 157
111 217
111 238
112 127
112 188
112 215
113 126
113 163
113 226
113 249
113 297
114 178
114 297
115 152
115 153
115 163
115 178
116 122
116 123
116 156
116 241
116 250
116 255
116 274
116 295
117 120
117 204
117 238
118 158
118 222
118 262
118 263
119 122
119 190
119 229
120 132
120 166
120 241
121 253
121 276
122 133
122 203
122 218
122 230
122 241
122 284
123 173
123 243
124 227
124 234
125 139
126 231
127 151
127 173
127 231
128 130
129 204
129 208
129 239
129 247
129 271
129 280
129 287
130 252
130 268
130 291
131 153
131 177
133 247
133 269
134 172
134 184
134 276
135 211
135 255
135 257
135 284
136 137
137 197
137 240
138 236
139 155
139 168
139 194
140 141
140 224
140 298
141 197
142 143
142 263
143 145
143 160
143 194
143 244
144 166
144 239
144 242
145 184
145 190
145 213
145 265
146 176
146 187
146 196
147 297
148 178
148 218
148 283
149 225
149 251
150 152
150 165
150 170
150 191
150 193
151 234
152 167
152 169
152 195
152 237
152 253
152 299
153 166
153 231
153 278
155 171
155 228
156 159
156 285
157 161
157 214
159 287
160 197
160 209
160 212
160 219
161 168
162 266
163 172
163 175
163 190
163 199
164 192
164 204
164 221
165 173
165 199
166 256
167 182
167 276
167 285
167 287
167 294
168 198
168 215
169 173
169 292
170 189
170 266
170 286
171 228
171 243
171 293
172 240
173 289
174 223
174 299
175 180
175 225
175 268
176 297
177 205
177 257
177 290
180 182
180 273
180 282
181 188
181 217
181 228
181 251
181 253
181 268
183 219
183 247
183 269
184 261
185 261
186 212
187 224
187 246
188 213
188 216
188 254
189 200
189 201
190 192
190 215
190 241
193 242
194 270
197 229
198 260
198 274
199 202
199 203
199 246
199 279
199 298
201 239
201 262
207 271
211 225
211 290
212 276
214 283
215 245
215 275
217 219
218 251
220 233
221 284
223 233
223 243
224 289
226 255
226 279
228 264
230 264
232 287
232 293
234 237
235 253
236 242
236 281
237 294
239 271
239 282
240 288
243 255
243 261
244 252
244 266
244 279
245 283
246 274
247 270
248 259
255 260
258 270
258 296
259 298
261 295
265 280
265 286
267 295
269 273
275 296
282 292
284 288
285 292
