0 1
0 2
0 3
0 4
0 5
0 7
0 8
0 10
0 11
0 12
0 13
0 14
0 17
0 22
0 24
0 25
0 28
0 30
0 33
0 35
0 40
0 41
0 53
0 54
0 57
0 58
0 59
0 63
0 68
0 70
0 74
0 88
0 89
0 94
0 96
0 99
1 4
1 5
1 6
1 7
1 12
1 13
1 15
1 27
1 33
1 34
1 37
1 42
2 4
2 5
2 10
2 11
2 15
2 16
2 18
2 34
2 35
2 50
2 51
2 57
2 70
2 79
2 84
3 6
3 9
3 11
3 16
3 20
3 27
3 41
3 45
3 66
3 71
3 97
4 6
4 8
4 10
4 22
4 31
4 81
5 14
5 15
5 17
5 23
5 25
5 26
5 29
5 38
5 39
5 44
5 45
5 48
5 50
5 59
5 69
5 70
5 72
5 77
5 78
5 81
5 90
6 7
6 12
6 13
6 17
6 28
6 33
6 36
6 37
6 46
6 65
6 74
6 93
6 98
7 8
7 9
7 18
7 24
7 32
7 35
7 36
7 80
7 96
8 9
8 19
8 20
8 25
8 29
8 31
8 39
8 61
8 62
8 64
8 98
9 14
9 26
9 27
9 30
9 39
9 40
9 43
9 51
9 53
9 56
9 61
9 78
9 80
9 95
10 21
10 49
10 60
10 76
10 90
11 60
11 71
11 99
12 20
12 21
12 43
12 55
12 57
13 19
13 23
13 93
14 21
14 34
14 59
14 65
14 68
15 16
15 18
15 19
15 23
15 24
15 28
15 41
15 55
15 56
15 58
15 73
15 77
15 79
15 85
15 91
16 26
16 66
17 48
17 60
17 95
19 30
19 42
20 22
20 47
20 52
20 75
20 93
20 96
21 29
21 32
21 45
21 66
21 86
22 87
23 38
23 44
23 63
23 73
23 95
24 72
25 31
25 37
25 42
25 46
25 63
25 88
25 89
26 32
26 54
28 94
29 44
29 47
29 48
29 49
29 53
29 67
29 68
29 69
30 38
30 51
30 54
33 36
34 40
34 47
34 75
34 76
34 77
34 79
34 82
34 86
34 99
35 89
35 92
36 55
36 65
37 91
38 49
39 67
39 83
40 43
40 46
40 75
41 82
42 50
42 52
42 67
42 74
42 86
42 94
43 56
44 61
44 62
44 64
44 85
45 97
47 58
47 97
48 72
50 52
52 71
53 64
53 69
54 76
54 78
54 82
54 83
54 90
60 62
60 83
61 85
62 84
64 87
66 88
66 91
67 73
67 92
68 92
69 87
73 80
79 81
79 98
83 84
