0 4
0 5
0 6
0 7
0 8
0 9
0 12
0 13
0 14
0 39
0 51
0 83
0 124
0 130
0 148
0 249
0 284
1 4
1 5
1 6
1 7
1 8
1 10
1 11
1 14
1 16
1 26
1 48
1 59
1 81
2 4
2 5
2 10
2 11
2 13
2 14
2 18
2 19
2 21
2 29
2 30
2 65
2 72
2 134
2 261
3 4
3 6
3 14
3 19
3 21
3 23
3 30
3 62
3 77
3 79
3 93
3 108
3 117
3 192
3 207
3 227
4 5
4 7
4 8
4 9
4 10
4 12
4 13
4 17
4 28
4 32
4 34
4 40
4 43
4 59
4 78
4 175
4 189
4 212
5 6
5 9
5 10
5 11
5 15
5 20
5 23
5 30
5 35
5 38
5 45
5 61
5 82
5 97
5 106
5 150
5 161
5 236
6 7
6 8
6 9
6 17
6 33
6 35
6 43
6 54
6 85
6 87
6 94
6 116
6 125
6 152
6 175
7 11
7 18
7 22
7 25
7 28
7 53
7 76
7 111
7 127
7 145
7 255
8 12
8 15
8 16
8 20
8 36
8 37
8 42
8 44
8 67
8 94
8 96
8 109
8 114
8 123
8 129
8 133
8 157
8 257
9 18
9 20
9 25
9 36
9 42
9 46
9 50
9 88
9 103
9 142
9 143
9 185
9 193
9 194
10 15
10 21
10 34
10 39
10 67
10 130
10 168
10 188
10 209
10 225
10 231
10 245
10 298
11 12
11 15
11 21
11 23
11 24
11 27
11 36
11 47
11 69
11 75
11 138
11 211
11 224
12 13
12 19
12 25
12 26
12 27
12 31
12 43
12 44
12 49
12 54
12 59
12 62
12 63
12 73
12 87
12 109
12 223
13 16
13 17
13 18
13 26
13 32
13 67
13 72
13 112
13 158
13 169
13 276
14 16
14 22
14 24
14 35
14 42
14 70
14 122
14 159
14 171
14 262
14 295
14 299
15 17
15 20
15 26
15 37
15 38
15 47
15 60
15 65
15 161
15 166
15 172
15 175
15 225
16 19
16 22
16 24
16 29
16 40
16 48
16 71
16 86
16 103
16 107
16 140
16 143
16 186
16 198
16 226
16 227
16 239
16 263
17 27
17 33
17 39
17 52
17 53
17 131
17 258
18 22
18 28
18 29
18 31
18 60
18 64
18 75
18 78
18 80
18 85
18 117
18 131
18 178
18 187
19 34
19 38
19 44
19 60
19 66
19 125
19 143
19 153
19 192
19 202
20 25
20 33
20 42
20 88
20 95
20 146
20 163
21 23
21 32
21 47
21 59
21 68
21 69
21 101
21 111
21 149
21 163
21 194
21 281
22 24
22 37
22 52
22 70
22 112
22 113
22 123
22 137
22 174
22 232
22 238
22 265
23 37
23 48
23 53
23 55
23 56
23 63
23 91
23 103
23 116
23 122
23 170
23 233
23 271
23 290
24 31
24 33
24 46
24 49
24 50
24 64
24 115
25 28
25 29
25 35
25 36
25 50
25 57
25 61
25 79
25 92
25 96
25 109
25 110
25 139
25 258
26 27
26 89
26 271
26 294
27 30
27 32
27 39
27 40
27 41
27 43
27 55
27 72
27 104
27 131
27 160
27 190
27 243
27 251
27 266
27 273
28 31
28 52
28 54
28 55
28 58
28 90
28 107
28 194
28 228
28 286
29 57
29 77
29 83
29 166
29 208
29 253
30 41
30 46
30 51
30 56
30 77
30 81
30 154
30 163
31 34
31 38
31 45
31 63
31 94
31 120
31 140
31 157
31 160
31 209
32 44
32 48
32 53
32 90
32 124
32 168
32 213
33 41
33 45
33 71
33 81
33 84
33 121
33 204
33 260
33 278
34 50
34 91
34 106
34 110
34 114
34 128
34 131
34 200
35 61
35 65
35 89
35 238
35 282
36 69
36 92
36 110
36 165
36 169
36 173
36 212
36 252
37 40
37 41
37 45
37 67
37 77
37 121
37 186
37 191
37 227
37 239
38 46
38 47
38 49
38 57
38 58
38 60
38 62
38 112
38 169
38 176
38 184
38 280
38 291
39 62
39 94
39 95
39 106
39 214
40 76
40 82
40 88
40 90
40 98
40 103
40 139
40 154
40 274
40 287
41 57
41 64
41 75
41 92
41 97
41 98
41 101
41 138
41 284
42 73
42 76
42 79
42 98
42 176
43 49
43 55
43 58
43 63
43 66
43 84
43 105
43 126
43 138
43 141
43 166
43 206
43 220
43 228
43 282
43 295
44 76
44 188
44 249
45 61
45 140
45 153
45 156
45 198
45 264
45 282
46 74
46 84
46 96
46 102
46 117
46 144
46 168
46 211
47 54
47 58
47 68
47 71
47 87
47 91
47 120
47 132
47 213
47 232
48 56
48 73
48 116
48 120
48 153
48 178
48 193
48 200
48 232
48 233
49 51
49 56
49 68
49 86
49 146
49 151
49 179
49 202
49 256
50 51
50 70
50 85
50 99
50 173
50 252
51 52
51 66
51 78
51 125
51 141
51 147
51 155
51 162
52 78
52 113
52 135
52 214
52 263
52 269
52 275
53 74
53 80
53 82
53 206
54 72
54 73
54 80
54 128
54 137
55 91
55 100
55 108
55 118
55 172
55 211
56 68
56 125
56 160
56 187
56 259
56 273
56 288
57 84
57 100
57 123
57 152
57 255
58 70
58 74
58 79
58 102
58 196
58 199
58 265
59 93
59 95
59 115
59 136
59 151
59 155
59 166
59 247
59 293
60 100
61 64
61 71
61 99
61 110
61 172
62 65
62 165
62 178
62 179
62 219
62 222
63 105
63 111
63 170
63 186
63 226
63 229
63 242
64 119
64 149
64 156
64 161
64 183
64 247
65 66
65 86
65 142
65 229
65 269
66 92
66 96
66 112
66 129
66 132
66 136
66 204
66 229
67 69
67 74
67 106
67 170
67 197
68 83
68 128
68 217
68 236
68 261
68 262
69 83
69 87
69 141
69 180
69 181
69 185
69 201
69 234
69 257
70 75
70 81
70 285
71 80
71 119
71 123
71 142
71 156
72 89
72 107
72 108
72 122
72 159
72 224
72 268
72 293
73 102
73 104
73 114
73 243
74 99
74 108
74 184
74 205
74 237
74 252
74 273
75 101
75 136
75 140
75 163
75 165
76 97
76 129
76 214
76 254
76 257
77 118
77 158
77 270
77 286
78 88
78 105
78 157
78 172
78 199
78 275
78 296
79 82
79 86
80 93
80 134
80 225
80 241
80 248
80 285
80 293
81 89
81 113
81 122
81 199
81 240
81 253
82 101
82 113
82 127
82 143
82 171
82 285
83 85
83 206
83 266
84 124
84 134
84 139
84 146
84 165
84 173
84 230
85 136
86 90
86 117
86 121
86 134
86 196
86 284
87 98
87 209
88 93
88 105
88 141
88 253
88 294
89 150
89 155
89 176
89 180
89 212
90 97
90 129
90 135
90 144
90 208
90 217
90 221
90 272
90 296
91 95
91 107
91 149
91 189
91 254
91 270
92 100
92 109
93 193
93 231
94 104
94 119
94 164
94 203
94 213
94 220
94 240
95 162
95 196
95 204
96 162
96 200
96 204
96 233
96 240
97 99
97 102
97 111
97 121
97 169
97 171
97 226
97 237
98 132
98 164
98 175
98 217
99 104
99 126
99 133
99 137
99 147
99 156
99 298
100 132
100 153
100 177
100 191
100 242
101 118
101 130
101 145
101 226
101 250
102 115
102 127
102 146
102 147
102 151
102 216
102 254
102 283
103 280
104 128
104 210
104 268
105 115
105 119
105 139
105 174
106 133
106 148
106 160
106 185
106 187
106 202
107 150
107 192
107 206
107 207
107 264
107 271
108 147
108 162
108 174
108 276
108 282
109 148
109 177
109 218
109 241
109 250
110 114
110 127
110 159
110 200
110 219
111 154
111 209
111 241
112 118
112 145
112 190
112 235
113 120
113 186
113 216
114 231
114 237
115 116
115 191
115 201
115 216
115 255
115 290
116 197
117 203
117 220
117 230
117 279
118 126
118 145
119 177
119 219
119 224
119 239
120 124
120 126
120 133
120 137
120 150
120 170
120 187
121 158
121 245
122 203
122 239
122 247
123 130
123 167
123 222
123 235
123 251
123 290
124 138
124 167
124 180
124 183
125 235
125 244
125 248
125 269
126 174
126 176
126 193
127 181
128 155
129 135
129 151
129 157
129 203
130 135
130 182
130 244
130 265
131 161
131 212
131 298
132 164
132 167
132 183
132 199
133 144
133 195
134 144
134 159
134 202
134 267
134 270
135 164
135 234
136 168
138 283
138 297
139 142
140 148
140 152
140 182
140 195
140 196
140 201
141 179
142 167
142 222
143 158
144 149
144 230
145 154
145 218
145 287
146 184
146 188
146 198
146 238
147 181
147 189
147 190
147 191
148 188
148 242
149 152
149 223
149 224
149 289
150 185
151 249
151 296
152 210
153 192
153 197
153 235
153 243
153 244
153 251
153 275
153 299
154 182
154 201
154 267
155 218
156 242
156 274
157 210
157 215
157 220
157 274
158 236
159 240
159 259
159 266
160 279
161 194
161 264
162 272
162 277
163 177
163 197
163 207
164 180
164 236
164 278
164 290
165 173
165 246
165 264
166 229
167 182
167 221
168 171
168 215
168 230
168 249
168 252
169 221
170 217
170 269
172 210
172 216
173 178
173 181
173 189
173 208
174 195
174 205
174 223
175 250
175 292
176 190
176 213
176 215
177 179
177 208
177 294
178 221
179 183
179 299
180 279
181 184
181 195
181 205
182 260
182 280
183 205
183 295
185 207
185 263
185 286
186 218
187 251
187 278
189 281
190 279
191 283
192 223
193 211
193 228
194 198
195 219
195 259
195 262
195 289
196 232
196 283
198 247
199 215
199 225
199 241
199 263
201 256
201 267
202 296
203 245
203 246
203 253
203 258
204 246
204 280
205 214
206 227
206 257
206 271
207 233
208 276
208 294
208 297
209 231
209 243
209 299
211 237
211 285
212 222
212 265
213 234
214 250
216 288
217 298
218 268
218 272
218 297
220 256
221 261
221 286
222 228
222 276
224 238
225 292
225 293
226 244
226 270
226 272
228 255
228 260
229 268
230 256
232 234
234 278
235 291
236 246
237 248
237 260
237 262
239 287
240 261
241 275
241 277
242 259
244 245
244 274
244 295
246 248
246 292
246 297
247 254
247 281
248 288
249 288
251 266
253 258
253 284
254 277
262 277
263 267
265 273
266 287
266 289
271 289
271 292
273 291
277 281
287 291
