0 4
0 5
0 6
0 8
0 9
0 10
0 16
0 22
0 23
0 55
0 57
0 59
0 60
0 72
0 88
0 121
0 133
0 161
0 170
0 175
0 178
0 187
0 199
0 205
0 228
0 270
0 285
1 4
1 9
1 13
1 14
1 16
1 17
1 30
1 37
1 41
1 44
1 45
1 50
1 84
1 87
1 96
1 173
1 223
1 294
2 4
2 5
2 7
2 9
2 10
2 12
2 13
2 17
2 18
2 21
2 26
2 28
2 32
2 35
2 41
2 48
2 63
2 98
2 127
2 131
2 137
2 210
2 218
2 222
2 276
3 4
3 5
3 6
3 7
3 10
3 16
3 18
3 22
3 25
3 27
3 29
3 32
3 45
3 51
3 59
3 61
3 73
3 76
3 79
3 89
3 92
3 99
3 104
3 121
3 140
3 168
3 215
3 244
3 280
3 291
4 5
4 6
4 7
4 8
4 10
4 11
4 14
4 15
4 18
4 33
4 56
4 60
4 90
4 92
4 100
4 119
4 138
4 177
4 273
5 6
5 7
5 8
5 11
5 13
5 15
5 16
5 17
5 19
5 29
5 50
5 52
5 64
5 68
5 74
5 85
5 197
5 214
5 227
5 267
5 275
5 287
6 8
6 9
6 11
6 12
6 14
6 21
6 36
6 55
6 71
6 75
6 91
6 98
6 103
6 110
6 207
6 235
6 257
6 272
6 289
7 12
7 19
7 30
7 61
7 67
7 72
7 79
7 80
7 86
7 109
7 122
7 154
7 179
7 182
7 202
7 211
8 11
8 25
8 26
8 35
8 40
8 49
8 65
8 78
8 123
8 139
8 161
8 174
8 183
8 184
8 195
8 196
8 202
8 266
9 14
9 17
9 19
9 20
9 24
9 31
9 38
9 39
9 45
9 49
9 56
9 58
9 60
9 87
9 91
9 94
9 97
9 106
9 107
9 129
9 135
9 159
9 180
9 198
9 209
9 241
9 245
9 258
9 269
9 296
10 12
10 13
10 24
10 29
10 40
10 54
10 57
10 64
10 74
10 79
10 83
10 88
10 95
10 99
10 126
10 136
10 144
10 148
10 151
10 164
10 168
10 205
10 255
11 15
11 18
11 19
11 20
11 21
11 22
11 24
11 27
11 30
11 52
11 56
11 65
11 68
11 75
11 103
11 115
11 141
11 148
11 155
11 156
11 194
11 202
11 227
11 238
11 240
12 23
12 31
12 34
12 39
12 42
12 62
12 64
12 74
12 99
12 124
12 137
12 141
12 152
12 172
12 207
12 213
12 221
12 230
12 231
12 233
12 252
13 15
13 20
13 35
13 38
13 51
13 67
13 104
13 174
13 235
13 242
13 246
13 286
14 27
14 67
14 83
14 113
14 117
14 134
14 147
14 166
14 181
14 211
14 253
15 22
15 23
15 28
15 43
15 66
15 69
15 86
15 143
15 171
15 187
15 251
16 20
16 21
16 23
16 34
16 46
16 48
16 49
16 60
16 63
16 73
16 81
16 123
16 127
16 143
16 159
16 173
16 231
16 242
16 261
16 293
17 59
17 71
17 73
17 92
17 108
17 118
17 164
17 165
17 176
17 203
18 24
18 25
18 26
18 29
18 33
18 37
18 44
18 57
18 80
18 81
18 82
18 101
18 106
18 115
18 125
18 134
18 135
18 157
18 169
18 186
18 239
18 244
18 260
18 268
19 25
19 39
19 48
19 62
19 82
19 102
19 193
19 277
20 34
20 47
20 52
20 81
20 94
20 107
20 115
20 188
20 283
20 285
21 26
21 28
21 41
21 47
21 58
21 77
21 95
21 111
21 114
21 147
21 230
21 234
21 248
21 261
21 287
22 36
22 37
22 45
22 54
22 66
22 76
22 83
22 84
22 112
22 117
22 194
22 243
22 257
22 259
22 260
22 266
22 270
22 271
23 32
23 36
23 38
23 42
23 49
23 55
23 63
23 72
23 96
23 130
23 167
23 178
23 183
23 189
23 221
24 28
24 93
24 177
24 185
24 245
24 249
24 260
24 273
25 27
25 30
25 31
25 46
25 55
25 89
25 90
25 105
25 110
25 135
25 152
25 155
25 160
25 165
25 190
25 192
25 212
25 225
25 299
26 62
26 64
26 77
26 105
26 128
26 134
26 143
26 180
26 192
26 219
26 280
26 284
27 39
27 70
27 73
27 84
27 88
27 208
28 31
28 33
28 37
28 40
28 41
28 42
28 46
28 47
28 48
28 58
28 61
28 100
28 113
28 122
28 146
28 153
28 163
28 181
28 224
28 232
28 247
29 34
29 38
29 61
29 68
29 80
29 89
29 100
29 123
29 132
29 214
29 223
29 232
29 237
29 241
29 256
30 53
30 69
30 70
30 76
30 77
30 161
30 172
30 184
30 193
30 245
30 257
31 32
31 33
31 35
31 43
31 99
31 108
31 121
31 132
31 144
31 154
31 208
31 219
31 246
31 268
32 36
32 42
32 47
32 76
32 78
32 95
32 97
32 102
32 108
32 109
32 118
32 129
32 160
32 191
32 208
32 244
32 252
32 295
33 66
33 85
33 136
33 142
33 148
33 152
33 215
33 230
34 53
34 106
34 184
35 44
35 122
35 236
36 43
36 44
36 107
36 120
36 213
36 253
37 59
37 104
37 111
37 162
37 284
38 40
38 43
38 54
38 118
38 131
38 171
38 255
38 272
39 50
39 53
39 66
39 70
39 75
39 81
39 88
39 93
39 102
39 127
39 166
39 194
39 203
39 294
40 50
40 74
40 92
40 97
40 133
40 164
40 247
40 268
40 281
41 56
41 94
41 128
41 136
41 161
41 167
41 263
42 69
42 85
42 87
42 96
42 118
42 180
42 243
42 258
43 46
43 157
44 111
45 53
45 196
45 212
45 219
45 243
46 114
46 159
46 162
46 198
46 207
46 261
46 288
47 63
47 71
47 82
47 159
47 164
47 225
47 281
48 86
48 90
48 153
48 193
49 51
49 62
49 68
49 70
49 83
49 130
49 286
50 51
50 54
50 96
50 149
50 168
50 199
51 52
51 57
51 98
51 102
51 103
51 130
51 163
51 165
51 189
51 277
51 279
52 87
52 117
52 182
52 198
52 264
52 282
53 58
53 78
53 124
53 170
53 201
54 126
54 162
55 65
55 103
56 111
56 125
56 133
56 145
56 151
56 166
56 179
57 65
57 131
58 95
58 109
58 114
58 124
58 135
58 149
58 190
58 204
58 220
59 67
59 112
59 151
59 195
59 224
59 269
60 72
60 129
61 82
61 100
61 107
61 109
61 126
61 129
61 175
61 195
61 213
61 238
62 86
62 98
62 145
62 190
63 192
63 211
64 69
64 78
64 214
64 270
65 71
65 154
66 178
66 204
66 216
66 227
67 116
67 167
67 168
67 182
67 218
67 266
67 278
67 298
68 132
68 221
69 75
69 93
69 112
69 200
69 250
70 80
70 89
70 90
70 146
70 293
70 298
71 116
71 144
71 150
71 190
71 206
71 224
71 229
72 77
72 105
72 108
72 140
72 163
72 176
72 212
72 274
73 94
73 113
73 125
73 156
73 171
73 279
75 169
75 203
75 279
76 271
76 289
77 264
78 79
78 91
78 127
78 197
78 237
78 249
78 295
79 84
79 97
79 116
79 120
79 206
79 226
79 237
79 296
80 119
80 124
80 201
80 239
80 256
81 105
81 136
81 224
81 229
81 236
81 244
82 101
82 131
82 134
82 140
82 163
82 173
82 182
82 191
82 222
82 245
82 279
82 282
82 292
83 154
83 261
84 85
84 243
85 189
85 193
85 263
86 113
86 125
86 177
86 228
86 253
86 274
86 296
87 205
87 222
88 101
88 122
88 126
88 291
90 91
90 93
90 116
90 120
90 130
90 179
90 211
90 295
91 138
91 139
91 145
91 183
91 185
91 198
92 110
92 140
92 141
92 156
92 173
92 188
92 201
92 215
93 128
93 270
93 287
94 115
94 138
94 171
94 178
94 217
95 117
95 172
95 183
95 215
95 234
95 241
96 142
96 186
96 285
97 139
97 195
97 236
97 239
98 106
98 114
98 158
98 226
99 146
99 176
99 209
99 220
99 298
100 101
100 157
100 177
100 236
100 278
100 286
101 104
101 137
101 162
101 258
102 142
102 226
103 151
103 158
103 197
103 253
103 283
103 290
104 110
104 210
104 292
105 169
105 223
105 254
106 121
106 143
106 160
106 199
106 218
106 251
106 265
106 282
107 112
107 119
107 132
107 138
107 185
107 217
107 221
108 146
108 147
108 155
108 268
109 150
109 240
111 157
112 133
112 137
112 150
112 172
112 196
112 229
112 234
112 272
113 119
113 206
113 234
113 292
116 120
116 252
116 276
117 187
117 248
117 251
117 259
118 174
118 248
118 277
119 147
119 152
119 280
120 123
120 128
120 233
120 241
122 153
122 166
122 226
123 167
123 237
123 272
123 273
123 289
124 150
124 170
124 191
125 200
125 208
125 254
127 139
127 160
127 248
128 149
128 194
128 281
128 285
129 176
129 187
130 141
130 158
130 175
130 189
130 271
131 142
131 188
131 250
132 149
132 191
132 218
132 254
132 262
134 220
135 284
136 210
136 265
136 283
137 144
137 153
137 175
137 238
138 203
138 294
139 156
139 186
140 148
140 184
141 155
142 201
142 267
143 145
145 274
146 165
147 169
147 210
147 266
147 267
148 185
148 209
148 231
148 232
149 158
152 228
153 206
153 227
155 179
156 257
156 263
158 181
158 197
158 200
158 212
158 290
159 188
160 250
160 288
161 213
161 235
161 259
161 262
162 265
162 278
162 289
163 180
163 296
163 297
164 246
165 277
168 181
168 192
169 170
169 262
170 231
171 174
171 205
172 220
172 229
174 202
174 204
175 255
176 255
176 269
177 186
177 199
177 204
177 207
177 295
178 256
180 228
183 209
185 233
185 297
186 200
186 297
187 216
187 222
187 265
188 299
189 250
189 271
189 292
190 242
191 196
191 230
192 288
194 217
194 251
196 235
196 249
197 219
198 214
198 240
198 282
199 216
199 269
200 217
203 281
204 275
205 225
206 259
206 264
206 299
209 223
210 225
211 216
213 256
213 293
214 263
215 233
215 280
217 242
217 246
217 291
218 232
219 278
223 239
224 276
226 275
227 252
227 293
229 247
230 290
231 264
232 238
232 262
233 286
234 240
237 290
238 274
239 254
240 247
240 249
240 297
249 258
253 276
253 298
254 284
256 260
257 299
258 283
259 294
262 275
263 287
264 267
266 273
278 291
287 288
