0 1
0 1999
0 2
0 1998
0 3
0 1996
0 546
0 472
0 873
1 4
1 1998
1 5
1 144
1 588
1 1458
2 3
2 5
2 1999
2 6
2 1998
2 768
2 703
2 1002
2 170
3 4
3 5
3 6
3 7
3 736
3 1888
4 1954
4 1483
4 1942
4 1662
4 1363
4 517
5 8
5 9
5 1186
5 557
5 1470
5 1947
6 7
6 9
6 461
6 1947
6 500
6 1009
6 1056
7 8
7 9
7 11
7 1511
7 442
8 9
8 12
8 1087
8 14
8 189
8 1472
9 1375
9 1278
9 221
9 1603
9 1983
9 1486
10 11
10 12
10 1429
10 152
10 1824
11 12
11 13
11 14
11 568
11 961
12 14
12 434
12 374
12 528
12 1604
12 1122
12 1460
12 1780
12 391
13 14
13 17
13 217
13 1770
13 1067
14 1403
14 874
14 1996
14 811
14 1347
15 17
15 19
15 683
15 335
15 1394
15 1435
15 257
15 313
15 1173
16 17
16 20
16 1842
16 1049
17 18
17 21
17 1757
17 1470
17 1558
18 21
18 22
18 1327
18 1928
18 215
18 1978
19 21
19 23
19 1826
19 175
19 899
19 699
20 21
20 22
20 1121
20 1283
20 1694
20 1871
20 93
20 1742
20 1552
20 1004
21 22
21 1389
21 1802
21 1280
21 665
21 663
22 24
22 25
22 1970
22 1839
22 1409
22 731
23 25
23 27
23 922
23 380
23 426
23 1819
23 1328
23 948
23 1274
23 1431
24 26
24 27
24 1658
24 571
24 1162
25 27
25 1189
25 39
25 1584
25 1816
26 27
26 28
26 29
26 1847
26 317
27 29
27 463
27 944
27 741
27 690
27 1357
28 29
28 30
28 31
28 1345
28 814
29 30
29 33
29 202
29 1330
30 32
30 34
30 933
30 634
31 33
31 34
31 110
31 569
31 58
31 1515
31 1597
32 33
32 35
32 965
32 998
33 36
33 37
33 1186
33 1629
33 287
33 200
33 1497
33 116
33 137
33 1434
34 37
34 38
34 1593
34 1264
34 1046
35 37
35 38
35 39
35 673
35 1723
36 37
36 38
36 40
36 1735
36 640
36 734
37 38
37 39
37 40
37 1918
37 756
37 950
38 39
38 41
38 42
38 1059
38 1574
39 40
39 41
39 43
39 1633
39 264
39 899
39 1295
40 41
40 42
40 43
40 1452
40 1835
40 1396
41 43
41 1038
41 1080
41 594
41 1751
41 1180
41 937
42 45
42 137
42 1858
42 579
42 57
43 44
43 45
43 589
43 815
43 1939
44 45
44 46
44 48
44 112
44 1078
44 956
44 1970
44 1088
44 1910
45 46
45 48
45 49
45 741
45 1319
45 198
46 50
46 1825
46 1580
46 713
46 340
46 1076
46 1914
47 51
47 608
47 1492
47 220
47 1564
48 49
48 51
48 52
48 84
48 1649
49 50
49 51
49 568
49 300
49 827
49 208
49 270
49 1105
49 1683
50 51
50 567
50 470
50 1386
50 1553
50 1039
50 1755
51 53
51 544
51 1237
51 985
51 82
51 1106
52 53
52 54
52 55
52 1232
53 55
53 57
53 1769
53 531
53 983
53 1793
53 1899
54 56
54 57
54 58
54 106
54 384
55 56
55 59
55 1985
55 1254
55 1079
56 59
56 1322
56 1428
56 112
56 331
56 846
56 862
57 58
57 59
57 61
57 1564
58 260
58 1724
58 535
58 1750
58 1216
59 61
59 62
59 1020
59 1030
60 62
60 63
60 1052
60 142
60 592
60 1725
60 1281
61 63
61 65
61 924
61 169
62 66
62 245
62 1199
62 1929
63 65
63 1233
63 1608
63 172
63 1172
63 830
64 1742
64 960
64 1740
64 1185
64 1063
64 1017
65 66
65 68
65 844
65 405
65 627
65 1104
65 1926
66 68
66 69
66 1735
66 327
66 1110
67 70
67 71
67 1121
67 653
67 1953
67 1294
67 863
67 1968
68 69
68 70
68 1184
68 1292
69 71
69 73
69 1114
69 467
69 958
70 72
70 74
70 1220
70 875
70 96
71 72
71 73
71 75
71 1022
71 1360
72 1257
72 1637
72 718
72 1854
72 965
73 74
73 75
73 76
73 77
73 1180
73 1542
73 593
74 75
74 76
74 78
74 674
74 610
74 626
75 76
75 77
75 78
75 79
76 78
76 80
76 1703
76 755
76 1863
76 252
77 80
77 81
77 443
77 1907
77 296
77 814
78 81
78 82
78 1393
78 786
78 276
78 1703
79 81
79 83
79 931
79 742
79 200
80 81
80 82
80 1410
80 244
80 1890
80 1830
81 84
81 85
81 1520
81 1186
82 86
82 1306
82 1467
82 1973
82 1560
83 87
83 342
83 1535
83 241
83 131
84 86
84 88
84 233
84 1522
84 1479
84 1315
85 86
85 88
85 89
85 1475
85 1150
85 1339
85 817
86 89
86 1837
86 962
86 1024
86 1190
86 1737
86 117
87 88
87 89
87 91
87 1141
87 670
87 339
87 1237
88 90
88 91
88 92
88 978
89 90
89 91
89 93
89 422
89 128
90 94
90 1003
90 166
90 823
90 512
90 530
90 1556
91 92
91 94
91 95
91 942
91 1964
91 1651
92 93
92 914
92 868
92 1191
92 486
92 490
92 1921
93 1113
93 1384
93 140
93 748
94 97
94 1089
94 1656
94 393
94 597
94 986
94 1001
95 97
95 99
95 1804
95 1952
96 100
96 1628
96 984
96 1774
96 728
96 1006
97 937
97 250
97 1647
97 523
97 454
98 100
98 101
98 947
98 1233
98 806
98 1308
98 160
98 568
98 660
98 1021
99 103
99 1965
99 487
99 716
99 354
99 839
99 1240
100 102
100 103
100 577
100 604
100 702
100 411
101 105
101 1747
101 421
101 1915
101 230
102 105
102 106
102 1179
102 1354
103 106
103 459
103 1114
103 1661
103 1981
104 106
104 148
104 560
104 320
104 1365
105 107
105 1332
105 1942
105 468
105 637
105 1100
106 107
106 110
106 1611
106 805
106 488
107 108
107 109
107 111
107 660
107 1159
107 1340
107 233
108 109
108 110
108 112
108 1196
108 1819
109 110
109 111
109 112
109 861
109 1248
109 1256
110 112
110 113
110 114
110 139
110 498
110 704
111 112
111 114
111 115
111 1598
111 1721
111 787
111 503
112 114
112 305
112 1448
112 846
112 1206
113 114
113 116
113 117
113 552
113 878
113 1260
113 1031
113 1638
114 115
114 117
114 1575
114 539
114 433
114 153
115 116
115 117
115 119
115 451
115 1773
115 413
116 117
116 118
116 869
116 342
116 1386
117 118
117 119
117 120
117 121
117 188
118 120
118 121
118 122
118 1528
118 367
118 1559
118 1141
118 1140
118 1194
118 362
119 120
119 121
119 1541
119 879
119 1119
120 121
120 122
120 1986
120 1048
120 1502
121 122
121 123
121 1259
121 1943
121 1621
121 699
121 1738
122 123
122 125
122 1416
122 271
122 218
123 124
123 125
123 237
123 1819
123 1286
123 733
123 1643
124 125
124 126
124 127
124 996
124 981
125 127
125 128
125 129
125 1620
126 127
126 129
126 130
126 1326
126 663
127 128
127 129
127 130
127 131
127 1669
127 1871
128 987
128 1333
128 364
128 1401
128 1684
128 185
129 920
129 781
129 1851
129 1909
129 981
130 131
130 133
130 387
130 149
130 643
130 1867
130 1582
131 132
131 133
131 903
131 1680
132 134
132 135
132 1367
132 976
132 411
132 401
133 134
133 135
133 627
133 286
133 1655
133 468
133 1038
133 1174
134 135
134 136
134 137
134 138
134 1089
134 1271
134 1038
134 207
134 1110
134 1913
135 1607
135 549
135 1300
135 1722
135 1890
136 140
136 767
136 861
136 598
136 1912
137 138
137 491
137 1502
137 748
138 139
138 142
138 299
138 355
138 1498
138 1917
139 140
139 141
139 142
139 1264
140 143
140 347
140 1444
140 1393
140 1214
140 1787
141 142
141 143
141 144
141 145
141 1002
141 1999
141 1792
142 145
142 1050
142 645
142 1351
142 415
142 446
143 145
143 146
143 1493
143 423
143 200
143 1271
143 711
144 145
144 202
144 428
144 1805
144 1113
144 1488
144 1202
145 146
145 148
145 149
145 1072
145 566
146 147
146 148
146 150
146 1488
146 315
147 148
147 149
147 150
147 948
147 1347
147 617
148 149
148 151
148 737
148 1778
148 517
148 1258
149 150
149 151
149 153
149 1550
149 1091
150 151
150 152
150 154
150 1796
150 1698
150 1139
150 1353
151 152
151 768
151 304
151 1529
152 153
152 155
152 1127
152 1154
152 1940
152 1395
152 1380
152 523
152 885
152 1253
153 154
153 156
153 1713
153 1540
154 156
154 909
154 1353
154 1738
154 1626
154 628
154 1644
155 159
155 191
155 1564
155 1750
156 158
156 159
156 160
156 1558
157 159
157 160
157 161
157 665
157 857
158 159
158 160
158 434
158 483
158 1536
159 163
159 961
159 967
159 1954
159 1420
159 1517
159 1659
160 1477
160 709
160 984
160 1748
161 162
161 163
161 345
161 380
161 471
162 163
162 164
162 166
162 737
162 1609
163 164
163 166
163 167
163 326
164 166
164 874
164 1660
164 855
164 1243
164 1635
164 1261
164 1029
165 166
165 168
165 169
165 231
165 1587
165 730
165 1037
166 168
166 1459
166 1872
166 543
166 733
167 168
167 171
167 1282
167 1727
167 1805
167 868
167 929
168 170
168 172
168 1800
168 1746
169 170
169 466
169 1850
169 739
169 1124
170 172
170 1452
170 1872
170 1464
171 173
171 772
171 1745
171 1976
171 655
172 173
172 174
172 176
172 860
172 374
172 1627
173 174
173 177
173 1119
173 1333
174 176
174 1183
174 1167
174 551
174 1532
175 176
175 1665
175 610
175 1881
175 1367
175 1414
175 633
176 178
176 180
176 619
176 1147
176 993
176 1369
177 178
177 180
177 181
177 991
177 1051
177 936
178 179
178 180
178 182
178 891
178 305
179 180
179 181
179 182
179 1244
179 1741
179 299
179 1615
180 182
180 184
180 869
180 654
180 1514
180 245
180 1919
180 1387
181 182
181 183
181 185
181 1464
181 538
182 185
182 269
182 1783
182 1702
183 185
183 186
183 187
183 1110
183 496
183 772
184 185
184 603
184 902
184 1706
185 186
185 883
185 1275
185 205
186 187
186 189
186 190
186 1161
187 191
187 523
187 385
187 1268
187 203
187 1022
187 480
188 189
188 905
188 728
188 836
189 190
189 191
189 192
189 193
189 741
190 191
190 192
190 1130
190 987
190 580
191 194
191 195
191 636
191 634
191 1018
191 1144
191 1760
191 1988
192 193
192 194
192 1515
192 1288
192 1454
192 1826
192 1435
192 1933
193 194
193 195
193 196
193 217
193 1145
194 197
194 316
194 276
194 1747
195 199
195 1239
195 1410
195 352
195 1409
196 197
196 198
196 199
196 200
196 636
196 902
197 198
197 199
197 201
197 575
197 761
197 1690
198 199
198 200
198 201
198 325
199 203
199 720
199 1479
199 1002
199 1997
199 764
200 201
200 1070
200 1173
200 1292
200 1243
200 1289
201 204
201 205
201 860
201 1217
201 619
202 205
202 1024
202 1305
202 267
203 204
203 205
203 206
203 646
203 828
204 208
204 447
204 1880
204 1666
205 209
205 1999
205 1026
205 1830
205 1921
205 279
206 240
206 1018
206 502
206 1764
206 308
207 208
207 209
207 549
207 1568
207 860
208 210
208 211
208 212
208 1646
208 1209
208 1283
209 211
209 213
209 880
209 987
209 1304
210 211
210 212
210 213
210 214
210 1865
210 1783
210 274
211 212
211 215
211 1284
211 1362
211 598
211 1364
211 1054
211 695
211 1131
211 1708
212 214
212 215
212 216
212 334
212 1393
212 1474
212 1656
213 215
213 217
213 1521
213 1849
213 553
213 841
213 435
214 216
214 218
214 1779
214 425
215 216
215 217
215 219
215 669
215 892
215 1413
216 217
216 218
216 219
216 220
216 1271
217 219
217 1681
217 1048
217 820
218 219
218 1128
218 1773
218 511
218 1276
219 220
219 221
219 222
219 223
220 221
220 222
220 224
220 1834
220 862
221 225
221 1295
221 1748
221 313
221 1983
221 281
221 576
221 1246
222 1264
222 307
222 1741
222 409
222 1418
222 461
223 224
223 225
223 227
223 940
223 230
223 959
224 225
224 226
224 227
224 1222
224 631
225 226
225 227
225 1109
225 1397
225 778
226 227
226 228
226 229
226 230
226 1133
226 1443
226 1375
227 230
227 710
227 714
227 1932
228 230
228 231
228 1503
228 461
228 982
228 1648
229 232
229 791
229 1892
229 1192
229 1118
230 231
230 579
230 480
230 1088
231 233
231 1773
231 390
231 845
231 834
231 717
232 233
232 234
232 235
232 236
232 1436
233 234
233 235
233 237
233 857
233 263
234 237
234 238
234 1327
234 547
234 892
235 236
235 1142
235 1198
235 567
235 710
235 1802
235 811
236 237
236 443
236 339
236 1185
236 1456
237 239
237 240
237 1818
237 546
237 1230
238 239
238 242
238 707
238 1933
238 904
238 300
238 1167
239 242
239 243
239 668
239 339
239 1936
239 415
239 1766
240 638
240 1940
240 1775
240 1535
240 795
241 242
241 245
241 1813
241 1033
242 244
242 245
242 246
242 372
242 803
242 1483
243 245
243 247
243 1426
243 1311
243 748
243 1405
243 1493
244 245
244 248
244 687
244 754
244 1422
244 473
244 1383
244 1898
245 246
245 248
245 1678
245 629
245 317
245 1746
245 1076
246 249
246 433
246 1265
246 1650
246 443
246 1568
247 249
247 250
247 251
247 678
247 870
248 249
248 251
248 491
248 997
248 492
248 1305
249 250
249 251
249 253
249 733
249 1148
250 252
250 253
250 916
250 1374
250 1292
250 537
250 325
251 254
251 991
251 964
251 966
251 522
251 600
252 253
252 569
252 318
252 1823
252 388
253 256
253 700
253 477
253 1928
254 255
254 257
254 1990
254 952
254 778
254 901
254 1994
255 257
255 258
255 1404
255 459
256 257
256 258
256 259
256 260
257 258
257 260
257 1728
257 1448
257 1447
257 748
258 261
258 262
258 1683
258 1735
258 1231
258 364
259 260
259 774
259 950
259 1091
259 1554
259 1257
260 262
260 264
260 1860
260 802
260 1686
260 1655
261 262
261 263
261 265
261 1493
262 263
262 265
262 266
262 617
262 1850
262 1955
262 1531
263 264
263 266
263 1012
263 1327
263 496
263 1035
263 1445
264 267
264 1912
264 1924
265 266
265 267
265 972
265 527
265 1261
266 267
266 268
266 882
266 428
266 489
266 1341
266 1815
266 1895
266 1548
267 268
267 269
267 270
267 271
267 1885
267 1226
267 1603
268 269
268 271
268 1246
268 504
268 531
268 1335
268 1746
269 271
269 272
269 273
269 685
269 768
269 1797
269 912
270 955
270 1380
270 423
270 1900
271 272
271 275
271 421
271 1232
271 1343
271 1425
271 289
272 669
272 849
272 301
272 640
272 885
272 1749
273 275
273 276
273 1504
273 689
273 1349
274 275
274 276
274 350
274 1377
274 1521
275 1085
275 749
275 1257
275 893
275 1335
276 277
276 278
276 279
277 280
277 281
277 1029
277 808
277 1514
278 281
278 525
278 1013
278 366
278 570
278 404
279 282
279 1304
279 1119
279 738
279 1564
279 1942
279 873
279 892
280 281
280 282
280 808
280 1921
280 634
280 328
280 782
280 951
281 283
281 285
281 1633
281 1448
281 1558
281 1602
282 1219
282 1774
282 1761
282 1462
282 1728
282 422
282 1150
283 284
283 811
283 1422
283 1676
283 1704
283 586
284 285
284 286
284 287
284 288
285 286
285 288
285 289
285 1258
285 1876
286 287
286 289
286 1919
286 1691
286 1742
287 289
287 290
287 291
287 1107
287 1547
288 289
288 291
288 384
288 774
288 476
288 736
289 291
289 293
289 1138
289 1081
290 294
290 580
290 1821
290 1630
290 1089
290 368
290 1456
291 293
291 294
291 831
291 939
291 1210
291 751
291 709
292 294
292 703
292 715
292 317
292 1697
293 294
293 296
293 1007
293 1744
293 1532
293 1847
293 690
294 296
294 298
294 1890
294 876
294 1661
294 633
294 686
295 297
295 299
295 1484
295 788
296 297
296 300
296 1608
296 743
296 475
296 1045
297 300
297 301
297 1586
297 960
297 316
297 1882
297 1724
297 1989
298 299
298 301
298 1798
298 1491
298 1697
298 1726
299 300
299 303
299 1344
299 1599
299 823
300 303
300 1225
300 1017
301 302
301 305
301 863
301 859
301 709
301 1324
301 1018
302 303
302 306
302 845
302 1512
302 1954
302 1626
302 1412
302 1129
302 1617
303 304
303 305
303 306
303 1808
304 306
304 307
304 308
304 910
304 1307
305 308
305 1649
305 1129
305 1528
306 308
306 309
306 1333
306 1802
306 905
307 308
307 309
307 310
307 1232
308 310
308 311
308 312
308 1029
309 311
309 312
309 1160
309 1722
309 1575
310 313
310 314
310 1593
310 1198
310 994
310 1778
311 313
311 1116
311 1713
311 1924
311 1662
311 1797
312 314
312 315
312 1572
312 755
312 1614
313 314
313 1114
313 825
313 989
313 1272
314 315
314 316
314 318
314 588
314 1611
315 316
315 317
315 318
315 918
315 914
316 317
316 628
316 1799
317 318
317 319
317 1232
317 1136
318 319
318 1244
318 321
318 369
319 940
319 603
319 962
319 1635
319 1940
319 1947
320 322
320 1803
320 380
320 1093
320 1627
321 322
321 323
321 324
321 391
321 1984
322 1833
322 1379
322 775
322 1443
322 1484
322 733
322 687
323 327
323 926
323 1952
323 361
324 327
324 328
324 922
324 559
324 502
325 327
325 329
325 1410
325 697
325 560
325 1835
326 327
326 329
326 330
326 1060
326 1236
327 330
327 331
327 1348
328 329
328 330
328 331
328 470
328 1062
328 1536
328 1732
329 330
329 331
329 333
329 1515
329 990
329 1508
330 331
330 333
330 334
330 483
330 551
330 1277
330 654
331 332
331 1693
331 1994
331 406
331 893
332 333
332 334
332 335
332 336
332 1492
332 1963
333 334
333 1112
333 805
333 634
333 1155
333 706
334 336
334 338
334 1902
334 1491
334 1100
334 1332
334 1504
335 337
335 338
335 339
335 1248
336 338
336 339
336 1146
336 490
336 1496
337 338
337 339
337 341
337 1062
337 696
337 1455
337 406
337 1895
338 340
338 341
338 1874
338 959
338 563
338 1342
339 342
339 343
339 1178
339 1323
339 1977
340 342
340 970
340 409
340 439
341 344
341 345
341 1269
341 475
341 400
342 344
342 345
342 753
343 346
343 347
343 1435
343 1364
343 1994
343 1831
344 345
344 346
344 347
344 1872
345 346
345 1332
345 1859
345 1759
346 349
346 1530
346 597
346 1230
347 841
347 1447
347 1158
347 853
347 1563
348 349
348 350
348 486
348 485
349 353
349 714
349 1881
349 518
349 962
349 465
350 1137
350 482
350 1570
350 1822
350 463
351 353
351 1119
351 831
351 945
351 1487
351 1423
352 353
352 354
352 355
352 356
352 1226
353 355
353 356
353 1439
353 1136
353 1077
354 355
354 356
354 358
354 1726
355 357
355 1852
355 837
355 476
355 1608
355 1140
356 357
356 358
356 360
356 1348
356 1159
357 358
357 360
357 1567
357 705
357 1314
357 1182
358 360
358 1070
358 1660
358 1533
359 360
359 361
359 1958
359 1012
359 809
359 1410
360 1080
360 583
360 1784
360 1163
361 364
361 1398
361 1499
361 1370
362 363
362 1054
362 435
363 365
363 877
363 1713
363 862
363 933
364 366
364 1200
364 412
365 366
365 367
365 369
365 1025
365 1561
365 402
365 775
365 891
365 1136
366 367
366 1684
366 965
366 410
367 370
367 1188
367 1819
367 782
367 522
368 370
368 372
368 1230
368 1203
368 1736
368 501
369 370
369 372
369 1712
369 1335
369 1464
370 371
370 372
370 374
370 1969
370 1476
371 373
371 1108
371 764
371 818
371 1846
371 1478
372 373
372 375
372 376
372 1076
372 1535
372 867
373 374
373 375
373 456
373 1622
373 580
373 1680
373 1932
373 1214
373 717
373 1847
374 376
374 748
374 1975
374 1402
375 378
375 379
375 1745
375 1768
375 1698
376 377
376 378
376 379
376 380
376 839
377 378
377 379
377 381
377 1019
377 894
377 1747
378 380
378 1062
378 818
378 1145
378 1031
378 633
378 1315
378 1597
378 1707
378 1491
379 380
379 383
379 1125
379 1978
380 383
380 384
380 381
381 382
381 383
381 384
382 383
382 384
382 385
382 386
382 1669
382 1516
382 539
383 386
383 387
383 819
383 1589
384 791
384 982
384 1774
385 387
385 388
385 389
385 752
386 387
386 388
386 389
386 390
386 971
386 1785
387 388
387 389
387 390
387 1459
387 1759
388 389
388 390
388 917
388 1503
388 768
388 458
388 1854
388 1680
389 1088
389 1189
389 1196
389 1862
389 1641
389 1466
389 1334
389 1526
390 391
390 419
390 490
390 1714
390 1970
391 940
391 915
391 1357
391 1206
392 393
392 394
392 396
392 495
392 1560
392 585
393 394
393 1560
393 1669
393 1676
394 395
394 396
394 398
394 1447
394 932
395 397
395 398
395 399
395 690
395 744
396 397
396 398
396 400
396 1680
396 935
397 399
397 401
397 847
397 1838
397 606
398 400
398 402
398 806
398 1797
398 671
399 400
399 401
399 402
399 403
399 566
399 960
400 401
400 402
400 660
400 1701
401 404
401 1328
401 1077
402 404
402 405
402 1611
402 822
402 1014
403 404
403 405
403 406
403 407
403 677
404 407
404 408
404 1107
404 1149
404 737
405 408
405 409
405 628
405 1392
406 696
406 1418
406 1920
406 1304
407 408
407 409
407 411
407 817
407 1699
408 409
408 411
408 412
408 1901
408 1500
408 1686
408 1408
409 410
409 411
409 413
409 951
409 1360
409 1821
409 1835
410 411
410 414
410 909
410 785
410 982
410 1918
411 413
411 790
411 1765
412 415
412 416
412 1932
412 514
412 682
413 414
413 1934
413 1505
413 1777
413 968
414 418
414 1841
414 485
414 1146
414 858
415 416
415 418
415 419
415 1115
415 1452
415 718
416 417
416 418
416 1114
416 578
417 418
417 782
417 1118
417 1927
417 913
417 1688
418 422
418 1860
418 542
418 1561
418 498
419 420
419 423
419 1632
419 1985
419 1211
420 421
420 422
420 424
420 1013
420 970
420 1071
420 1436
421 423
421 425
421 668
421 461
422 425
422 735
422 706
422 1895
423 1802
423 988
423 1552
424 425
424 427
424 1100
424 1283
425 426
425 427
425 428
425 527
425 1817
425 1907
425 1022
425 1419
426 427
426 429
426 1783
426 1380
427 428
427 1609
427 640
427 1015
427 1950
427 1690
428 430
428 1871
428 1546
429 430
429 431
429 432
429 957
429 454
430 431
430 432
430 1516
430 1272
430 1761
430 874
431 433
431 435
431 807
431 474
432 434
432 1059
432 643
432 654
432 908
432 490
433 434
433 435
433 693
433 1851
433 457
433 1887
434 437
434 438
434 628
434 555
434 1373
435 439
435 488
435 938
435 1063
436 438
436 439
436 440
436 1289
437 439
437 441
437 556
437 1193
437 1762
438 439
438 990
438 790
438 1754
438 857
439 442
439 443
439 665
439 758
439 1177
440 442
440 443
440 1917
440 937
440 1847
440 811
441 442
441 443
441 444
441 445
441 923
441 544
441 651
442 1429
442 1394
442 634
442 950
442 696
443 444
443 445
443 446
443 844
443 1672
444 446
444 447
444 448
444 977
444 1545
445 446
445 448
445 449
445 720
445 1309
445 1976
446 447
446 449
446 1230
446 749
446 1037
446 1986
446 1324
447 448
447 449
447 613
447 707
447 1726
448 449
448 450
448 771
448 1100
448 1376
448 674
448 1193
448 1337
448 1580
449 451
449 452
449 1018
449 1817
449 1769
449 1401
450 451
450 452
450 453
450 454
450 1878
451 453
451 1140
451 1460
451 1540
451 1547
452 454
452 456
452 1321
452 1835
453 454
453 456
453 965
453 1906
453 1789
453 1601
454 455
454 456
454 1633
454 1458
455 456
455 458
455 742
455 1143
455 1331
456 458
456 460
456 685
456 477
456 1249
456 730
456 932
457 458
457 459
457 460
457 461
457 1093
457 1860
457 609
458 459
458 460
458 1651
458 585
459 461
459 462
459 1393
459 1493
459 627
460 461
460 463
460 464
460 1267
460 1528
460 1555
461 462
461 465
461 705
461 1690
462 463
462 465
462 749
462 1709
462 1479
462 854
463 464
463 466
463 735
463 1235
464 466
464 467
464 1857
464 998
464 1024
465 467
465 978
465 1272
465 1142
466 468
466 1790
466 484
466 1429
466 1786
466 1895
467 468
467 470
467 588
467 1993
467 1184
467 583
468 472
468 1438
468 1883
468 1452
468 1254
468 658
469 470
469 472
469 473
469 1466
469 1192
469 1546
470 474
470 525
471 473
471 474
471 1110
471 826
472 473
472 474
472 476
472 1269
473 475
473 528
473 538
473 608
473 1686
474 475
474 478
474 1342
474 1366
474 529
474 515
474 861
474 1552
474 1939
475 476
475 477
475 1330
476 477
476 674
476 1212
477 478
477 481
477 1186
477 812
477 588
478 479
478 481
478 1088
478 1881
478 783
478 1700
479 480
479 483
479 1566
479 1500
479 896
479 1607
479 1953
480 481
480 1414
480 1430
480 1867
480 1043
480 1598
480 1264
481 483
481 484
481 485
481 1823
482 486
482 781
482 1151
482 1524
482 811
483 486
483 487
483 1104
483 1216
483 1195
484 486
484 487
484 937
484 763
485 486
485 488
485 1306
485 859
485 562
486 487
486 488
486 963
486 1374
486 1336
486 1379
486 1766
487 489
487 1015
487 495
487 818
488 492
488 1619
488 1034
488 726
489 490
489 493
489 1213
489 977
490 491
490 492
490 1768
490 1916
490 1431
491 494
491 495
491 944
491 1396
491 1225
491 520
492 493
492 494
492 496
492 962
492 951
493 494
493 496
493 497
493 1568
493 1675
493 540
494 495
494 497
494 498
494 1255
495 499
495 1753
495 1277
495 1799
496 497
496 1947
496 1365
496 1852
497 500
497 1772
497 1873
497 1147
498 1071
498 1234
499 500
499 1429
499 1393
499 1466
500 501
500 1982
500 1448
501 502
501 504
501 1738
502 503
502 504
502 639
502 1038
502 1456
502 1310
502 1990
503 504
503 1519
503 881
503 1178
503 1626
503 708
504 507
504 508
504 606
504 1995
504 638
504 1589
505 507
505 983
505 1725
505 1802
505 714
505 1525
506 507
506 509
506 510
506 781
506 1678
507 509
507 511
507 728
507 716
508 511
508 512
508 1634
508 1841
509 510
509 512
509 513
509 665
509 793
510 511
510 512
510 513
510 1362
510 550
510 1300
511 512
511 513
511 1976
511 792
512 513
512 1943
512 1084
512 1282
512 1515
512 1636
512 1730
512 1433
512 1540
513 515
513 516
513 1721
513 658
513 1244
513 924
514 516
514 517
514 518
515 516
515 518
515 1517
515 1013
515 1412
515 1930
516 519
516 520
516 1568
516 1486
516 1032
517 518
517 519
517 1417
518 519
518 521
518 522
518 692
518 1290
518 1542
518 597
518 1165
519 520
519 522
519 1795
519 1052
519 1078
519 1476
519 1019
520 521
520 524
520 1371
520 1417
520 586
521 523
521 525
521 541
521 1460
521 749
522 524
522 526
522 1492
522 1441
522 975
522 1114
523 524
523 527
523 1030
523 957
523 1988
524 525
524 526
524 527
524 528
524 952
524 1206
524 1231
524 1846
524 779
525 526
525 529
525 1718
525 1711
525 805
526 527
526 528
526 1417
526 711
527 529
527 1073
527 810
528 531
528 532
528 1113
529 532
529 1021
529 1673
529 989
529 1044
529 1379
530 531
530 532
530 534
530 645
530 1961
531 535
531 1607
532 534
532 535
532 536
532 1276
532 763
532 1639
533 535
533 965
533 1587
533 1195
533 1828
533 1672
533 1479
533 1814
533 1297
534 535
534 537
534 538
534 899
534 555
534 1694
534 1624
535 536
535 538
535 608
535 748
535 1623
535 1662
536 540
536 746
536 1829
536 1908
537 539
537 541
537 1024
537 746
537 849
538 541
538 542
538 957
538 1621
538 758
539 1180
539 1866
540 543
540 544
540 1014
541 542
541 543
541 749
541 1811
542 544
542 545
542 546
542 1857
543 544
543 1966
543 1914
543 1527
543 843
543 850
544 546
544 635
544 1371
544 713
545 546
545 547
545 549
545 1795
546 547
546 549
546 550
546 1943
546 1339
546 1608
547 549
547 1001
547 1270
547 1752
547 1559
547 1566
548 550
548 1372
548 1368
548 848
549 550
549 551
549 1085
549 1853
549 955
549 1075
550 551
550 554
550 888
550 1971
550 1089
551 554
551 1736
551 1059
552 554
552 1370
552 1730
552 1202
553 554
553 557
553 1771
553 1054
553 809
554 558
554 1441
554 1867
554 1384
554 1907
554 1540
555 558
555 1915
555 818
555 1815
555 1985
555 608
555 1860
556 557
556 558
556 559
556 772
556 1726
556 1066
556 1108
557 558
557 560
557 1068
557 750
557 683
558 560
558 562
558 1582
558 1146
558 575
558 1896
559 561
559 562
559 563
559 1536
559 1119
559 572
560 564
560 657
560 1917
560 1991
561 563
561 564
561 1268
561 573
561 1985
562 563
562 565
562 1494
562 1324
563 564
563 565
563 1150
563 1610
563 965
564 565
564 567
564 1255
564 892
565 568
565 1968
565 1511
565 1428
565 1499
565 588
566 568
566 569
567 571
567 959
567 581
567 1679
567 1658
568 1941
568 1365
569 570
569 571
569 572
569 1766
569 1055
570 571
570 572
570 574
570 763
570 1739
570 660
571 572
571 573
571 575
571 601
571 1632
572 574
572 575
572 1928
572 1350
572 1356
573 575
573 577
573 1484
574 575
574 576
574 577
574 578
574 1382
575 576
575 578
575 1885
575 1188
575 1517
576 757
576 1771
576 1488
576 778
576 1071
576 670
577 578
577 1218
577 1743
577 592
578 580
578 581
578 582
578 661
578 1062
579 759
579 900
579 1868
580 845
580 1228
580 1187
580 1697
580 1634
581 583
581 585
581 1350
581 1931
581 1322
582 583
582 584
582 975
582 1648
582 1485
582 1743
582 1161
583 584
583 585
583 586
583 622
583 1923
583 1331
584 586
584 587
584 588
584 1189
584 1853
585 940
585 616
585 990
585 953
585 696
585 987
586 590
586 1608
586 1488
586 1543
586 1866
586 847
587 588
587 591
587 1747
587 672
587 789
587 811
587 1534
588 592
588 1965
588 1380
588 1375
589 590
589 1383
589 1821
589 918
589 866
589 1323
589 1258
590 593
590 630
590 1181
590 1326
590 1523
590 1891
590 883
591 592
591 1536
591 879
591 1814
592 596
592 1412
592 1821
592 1866
593 594
593 595
593 1238
594 595
594 598
594 599
594 1261
594 1664
595 596
595 1764
595 1080
595 674
595 1796
595 1416
595 697
596 597
596 598
596 600
596 1607
596 1183
597 598
597 599
597 1042
597 1246
597 1815
598 599
598 600
598 601
598 602
598 1058
598 707
599 601
599 602
599 1490
599 1759
599 1785
599 1894
600 601
600 603
600 803
600 1524
600 1261
601 603
601 604
601 605
601 726
601 1939
602 605
602 606
602 926
602 1950
602 722
603 605
603 607
603 638
603 1121
603 1654
603 1801
604 606
604 608
604 854
604 848
604 1451
605 606
605 607
605 609
605 1936
605 1602
606 608
606 610
606 929
606 977
606 679
607 608
607 610
607 1232
607 964
608 1156
608 1082
609 612
609 1795
609 1609
609 1942
610 613
610 614
610 1066
610 1657
611 613
611 615
611 693
611 1262
611 1901
611 1184
612 613
612 614
612 615
612 1142
612 1271
612 1713
612 1892
613 614
613 615
613 617
613 936
613 1683
613 1829
613 631
613 1846
614 615
614 616
614 1126
614 715
614 1603
614 1547
614 1859
615 616
615 617
615 618
615 619
616 619
616 1604
616 959
616 1435
616 1389
617 619
617 1687
617 1756
618 998
618 1305
618 632
618 780
618 1442
618 1251
619 620
619 622
619 889
620 623
620 624
620 1344
620 1380
620 921
620 1443
621 622
621 624
621 1675
621 842
621 1538
622 625
622 1632
622 1715
622 1422
623 624
623 625
623 626
623 627
623 799
623 1500
624 626
624 627
624 628
624 1951
624 1342
625 626
625 628
625 629
625 1561
625 827
625 1481
626 627
626 628
626 1313
627 630
627 631
627 1888
628 629
628 630
628 632
628 1647
629 630
629 856
629 1319
629 1177
629 1323
630 631
630 632
630 633
630 634
630 1582
630 1056
630 1905
631 632
631 633
631 634
632 633
632 635
632 636
632 1150
632 1810
632 1956
632 1497
633 995
633 703
633 758
633 1048
633 1702
633 1793
634 635
634 636
634 638
634 989
634 1479
635 636
635 637
635 638
635 639
635 672
636 638
636 1762
636 1297
636 1065
637 640
637 641
637 1629
637 735
637 1479
637 695
637 1553
638 1678
638 1473
638 1759
639 641
639 643
639 1034
639 1627
639 1754
640 644
640 1808
640 1731
640 1334
640 1329
640 1551
641 642
641 1821
641 1852
641 1969
641 706
641 1718
642 644
642 645
642 1918
642 957
642 1153
642 692
643 1968
643 651
643 849
644 645
644 646
644 647
644 648
644 823
644 1040
644 1376
644 1311
645 1843
645 1706
645 1593
645 1743
646 648
646 649
646 1920
646 855
646 754
647 648
647 649
647 651
647 1886
647 1614
648 649
648 650
648 651
648 880
649 650
649 651
649 986
649 1393
649 1252
650 651
650 1310
650 1761
650 667
650 1341
650 1295
650 1590
651 654
651 1131
652 653
652 654
652 655
652 1416
652 776
652 1621
653 656
653 657
653 889
654 658
654 891
654 1787
654 1135
654 1200
655 658
655 659
655 1232
655 1372
655 1034
655 1653
656 657
656 660
656 722
656 1375
656 1149
657 658
657 659
657 890
657 1703
657 1563
657 1735
658 660
658 1726
658 1296
659 660
659 661
659 797
659 1843
659 1090
659 1099
660 752
660 1819
660 730
660 1030
660 1924
661 663
661 665
661 810
661 1169
661 1163
662 663
662 664
662 666
662 1008
663 944
663 798
663 1097
663 918
664 665
664 666
664 667
664 668
664 671
664 1249
664 865
664 1779
665 669
665 1719
665 673
665 1800
665 978
665 1745
665 1755
666 668
666 669
666 1161
666 1945
666 1369
666 780
667 670
667 671
667 1833
667 807
667 1281
667 1362
668 669
668 672
668 870
668 1732
668 1764
669 670
669 673
669 982
669 1942
669 816
670 671
670 673
670 674
670 719
670 1358
671 787
671 1174
671 782
672 709
672 1189
672 674
673 674
673 676
673 1085
673 1717
674 1835
674 1841
674 1670
675 676
675 677
675 678
675 1857
675 1178
676 677
676 678
676 680
676 1435
676 1532
676 1717
677 678
677 1691
677 879
677 878
678 679
678 680
678 831
678 1364
678 999
679 680
679 681
679 682
679 683
680 681
680 682
680 683
680 684
680 1955
681 682
681 683
681 684
681 685
681 1903
682 683
682 684
682 686
682 1801
683 686
683 883
683 737
683 1336
683 869
683 841
683 1243
683 835
684 686
684 688
684 1928
684 1174
684 1269
684 774
685 687
685 688
685 1539
685 1568
686 688
686 689
686 934
686 1291
686 728
686 1482
687 689
687 690
687 691
687 1371
687 1978
687 1675
688 691
688 692
688 737
688 1204
688 1590
689 690
689 693
689 1199
689 1569
690 692
690 693
690 694
690 1126
691 692
691 693
691 695
691 992
691 920
691 1539
692 694
692 695
692 696
693 696
693 697
693 1588
693 1946
694 696
694 697
694 698
694 956
694 888
695 696
695 712
695 1016
696 1966
696 810
696 1258
697 700
697 701
697 917
697 1389
697 1047
697 1898
698 699
698 701
698 702
698 973
698 1599
698 1454
699 1080
699 1056
699 1957
700 702
700 703
700 704
700 1267
700 875
700 883
701 702
701 703
701 704
701 840
701 845
701 740
702 703
702 704
702 705
702 706
703 705
703 706
703 707
703 1803
704 705
704 707
704 1252
704 1322
705 706
705 709
705 1839
705 1899
706 707
706 709
706 1594
706 1074
706 1416
706 1053
707 709
707 828
707 1741
708 710
708 711
708 1385
708 1704
709 710
709 712
709 941
710 711
710 712
710 713
710 714
710 1766
711 714
711 835
711 1729
711 956
711 1168
711 924
712 714
712 1390
712 1241
712 1602
712 1990
712 1826
713 715
713 716
713 1357
713 938
714 716
714 787
714 1388
714 1866
715 718
715 719
715 1412
716 719
716 1067
716 1831
717 720
717 1725
717 1312
717 964
717 1006
718 719
718 884
718 882
719 722
719 788
719 1739
719 1005
720 722
720 724
720 987
720 1399
720 1097
720 910
720 1059
721 722
721 723
721 724
721 725
721 923
721 1234
722 724
722 725
722 1901
722 1169
722 1985
722 1397
723 724
723 725
723 727
723 1043
723 1622
723 1761
724 725
724 728
724 776
724 1673
724 1713
724 1072
725 726
725 727
725 728
725 923
725 1641
725 1516
725 1340
726 986
726 1868
726 1470
727 1467
727 1740
727 1618
727 1950
728 729
728 1472
729 730
729 732
729 774
729 812
729 1854
729 1073
730 731
730 1337
730 1841
731 733
731 735
731 1523
731 1229
732 733
732 734
732 735
732 1094
733 735
733 736
733 737
734 737
734 1302
734 1927
735 737
735 1358
735 1934
736 737
736 739
736 740
736 1860
736 1395
737 1432
737 1522
738 739
738 742
738 826
739 740
739 741
739 743
739 1046
739 1387
739 805
740 742
740 963
740 1915
740 857
740 1053
741 742
741 743
741 873
742 743
742 745
742 746
742 1157
743 744
743 745
743 747
743 1203
743 1586
743 994
744 745
744 748
744 1272
744 1182
744 1705
745 747
745 748
745 1010
745 1501
745 792
746 748
746 749
746 928
746 1706
746 1575
746 1661
747 748
747 749
747 750
747 884
747 1736
748 1963
748 1793
749 751
749 753
749 1088
749 1159
750 751
750 752
750 754
750 1281
750 1603
750 1196
751 752
751 844
751 1445
751 1610
751 1496
752 1226
752 1688
752 1685
753 755
753 821
753 1568
753 1433
753 819
754 755
754 1362
754 876
755 759
755 1146
755 1449
756 758
756 760
756 1199
757 759
757 761
757 1665
757 1138
757 1767
757 1988
758 759
758 760
758 1061
758 1530
759 760
759 1125
759 1059
759 1544
760 761
760 763
760 764
760 1366
760 1632
760 1309
760 1921
761 942
761 1616
761 1205
762 763
762 765
762 766
762 1462
762 1912
762 955
762 1364
763 765
763 1862
764 765
764 768
764 1822
765 767
765 768
765 769
765 1247
765 1080
766 767
766 768
766 770
766 1101
766 1113
766 907
767 768
767 769
767 770
767 771
767 850
767 860
767 1206
768 771
768 1708
768 891
768 1232
769 771
769 773
769 1226
769 1868
769 876
770 771
770 773
770 1007
770 883
770 1984
771 773
771 775
771 1557
771 1794
771 872
772 773
772 776
772 1057
772 1437
773 774
773 775
773 776
773 777
773 1215
774 778
774 1491
775 776
775 910
775 1103
775 1287
776 780
776 1161
776 1012
777 779
777 780
777 781
777 1104
777 1307
777 1033
778 1496
778 1532
778 984
778 1647
778 1265
779 780
779 781
779 782
779 1612
779 1413
779 1602
779 791
780 781
780 782
780 784
781 782
781 784
781 785
781 1018
781 1008
782 785
783 784
783 1177
783 1760
783 1501
783 1552
784 785
784 786
784 787
784 788
785 786
785 787
785 788
785 789
785 1427
785 1119
786 789
786 1804
786 1289
786 1749
787 791
787 1684
787 1833
787 1036
787 1188
788 789
788 791
788 792
788 1931
789 790
789 793
789 927
789 990
789 1935
790 791
790 792
790 794
790 1204
790 1189
791 792
791 795
791 1623
791 828
792 793
792 794
792 795
792 1206
793 794
793 797
793 1623
793 1606
793 1470
794 795
794 796
794 797
794 1348
794 1575
795 797
795 799
795 1618
795 1987
796 797
796 798
796 1751
796 1701
796 1173
797 799
797 1495
797 1352
797 1589
798 799
798 882
798 1706
798 1268
798 1477
798 1617
799 802
799 1170
799 1445
800 802
800 804
800 913
800 1581
800 1583
801 804
801 805
801 1785
801 1220
801 909
801 1292
802 806
802 1853
802 1079
802 1837
803 805
803 807
804 805
804 806
804 1665
804 1069
805 806
805 1557
805 1937
806 810
806 1942
806 1179
806 1194
807 810
807 811
807 824
808 809
808 811
808 812
808 1492
808 1824
808 1521
809 818
809 1975
809 1844
810 811
810 814
810 1925
810 1081
811 814
811 815
811 1310
811 859
812 813
812 816
812 1481
813 814
813 815
813 816
813 817
813 1770
814 817
814 1008
814 1738
815 922
815 1111
815 1866
815 1854
816 817
816 818
816 819
816 858
816 1573
817 819
817 821
817 1713
817 1862
818 821
818 822
818 851
818 1336
818 1297
819 820
819 821
819 822
819 823
819 1972
820 821
820 822
820 1826
820 1156
820 917
821 822
821 823
821 825
821 1172
821 1017
821 1937
821 1520
821 1228
822 825
822 826
822 1526
822 1352
823 1031
823 1883
824 825
824 826
824 827
824 1158
824 1851
824 1796
825 826
825 829
825 1232
825 1441
826 827
826 830
826 1937
826 1709
827 828
827 830
827 831
828 829
828 1517
828 1234
829 832
829 918
829 923
829 1493
830 831
830 832
830 833
830 1299
831 834
831 835
831 1022
831 1804
832 833
832 834
832 835
832 836
833 834
833 1316
833 1694
833 1739
834 835
834 836
834 837
834 838
835 836
835 837
835 838
835 839
836 838
836 839
836 1169
836 958
836 1774
836 911
837 841
837 1658
837 1959
837 1661
837 1178
837 940
837 1095
838 839
838 842
838 1039
838 1080
838 1316
839 843
839 1699
840 841
840 843
840 844
840 850
840 1394
840 1768
841 843
841 1896
841 1167
841 1521
841 1108
842 843
842 846
842 1265
842 1948
842 880
843 844
843 845
843 846
843 847
843 1585
844 845
844 846
844 847
844 848
844 1914
844 1391
844 1710
844 1714
845 848
845 849
845 1397
845 1652
845 1012
846 1391
846 1927
846 964
847 850
847 851
847 1471
847 1498
847 1006
848 849
848 851
848 1908
848 911
848 1402
849 850
849 852
849 853
849 1245
850 852
851 874
851 1801
851 931
851 965
852 853
852 854
852 1659
852 1837
852 1018
852 1429
853 855
853 857
853 1148
853 1947
854 989
854 1392
854 1773
855 856
855 859
855 1661
855 939
856 858
856 860
856 1083
856 1211
857 1348
857 1538
858 861
858 974
858 1196
858 1822
859 861
859 1136
860 1233
860 1486
860 1808
861 863
861 865
862 863
862 864
862 866
862 1014
862 922
862 1243
863 865
863 1829
864 865
864 866
864 867
864 868
865 866
865 867
865 868
866 867
866 868
866 869
866 870
866 887
867 869
867 1525
867 948
868 869
868 871
868 1217
869 871
869 872
869 1289
869 1424
869 1959
870 872
870 873
870 874
870 1184
871 872
871 873
871 874
871 875
871 1693
872 873
872 875
872 876
872 904
872 1585
873 876
873 877
873 1011
873 1826
873 1096
874 875
874 877
874 1166
874 1812
874 1442
874 982
875 878
875 1370
875 1457
875 1788
875 1256
876 878
876 976
877 878
877 879
877 880
877 1548
877 1282
878 880
878 882
879 881
879 883
879 1049
879 1786
879 1306
879 1817
880 1037
880 1347
880 1829
880 1942
881 1921
881 1218
881 1996
882 885
882 1954
882 1947
883 887
883 1423
883 1676
883 1631
884 886
884 1749
884 1634
885 889
885 1471
885 1030
885 1749
885 1429
886 887
886 888
886 1510
886 1298
887 888
887 889
887 1128
887 1201
887 1635
887 1671
888 1991
888 942
888 1135
889 890
889 892
889 893
889 1332
890 891
890 894
890 1377
891 892
891 895
891 1183
891 1840
891 1757
892 893
892 1834
893 894
893 895
893 1737
893 936
894 895
894 897
894 898
895 899
895 1951
895 1756
895 1302
895 1851
896 897
896 898
896 900
897 898
897 900
897 901
897 1417
898 899
898 902
898 1816
898 1947
898 1588
899 901
899 902
899 1138
900 901
900 902
900 904
900 1869
901 902
901 903
901 1179
902 903
902 904
902 905
903 904
903 905
903 1267
903 1683
903 1917
904 906
904 908
904 1865
904 1176
904 1681
905 907
905 1040
905 1229
905 1265
905 1462
906 907
906 909
906 910
906 1411
906 1163
907 908
907 909
907 911
907 996
908 909
908 910
908 911
908 912
908 1222
908 1130
909 910
909 911
909 912
909 913
909 1255
909 1342
910 912
910 914
910 1549
911 912
911 1057
911 1315
911 1028
911 1821
912 913
912 916
912 1081
912 1368
913 914
913 916
913 917
913 1982
913 1252
913 1582
914 915
914 916
914 1278
914 1087
915 994
915 1223
915 1164
915 1612
916 917
916 918
916 1440
916 1036
917 919
917 921
917 1344
917 1401
918 921
918 922
918 1058
919 920
919 922
919 923
919 1605
919 1362
920 921
920 1195
920 1435
920 1217
921 922
921 925
921 1823
921 1445
922 923
922 925
922 973
923 927
923 1426
924 925
924 926
924 927
924 1029
925 926
925 927
925 1008
925 973
925 1985
926 927
926 928
926 929
926 930
926 1094
926 1489
927 929
927 931
927 1822
927 1883
928 929
928 932
928 1848
928 1001
929 930
929 932
929 1779
929 1909
930 931
930 932
930 933
930 934
931 932
931 933
931 934
931 935
931 1951
932 933
932 934
932 936
932 1225
933 934
933 937
933 1311
933 1430
934 935
934 937
934 938
934 1784
935 937
935 938
935 939
935 1738
935 1623
936 937
936 940
937 939
937 940
938 939
938 941
938 1036
938 1784
939 943
939 1332
939 1407
940 941
940 1026
940 1116
940 1434
940 1663
941 942
941 943
941 944
942 943
942 944
942 945
942 1836
942 1416
942 1172
943 944
943 945
943 946
943 1461
944 946
944 948
944 1465
944 1974
944 951
945 947
945 948
945 949
945 1759
946 947
946 948
946 949
946 950
947 949
947 1192
947 1432
947 1755
948 949
948 952
948 1191
948 1720
949 951
949 953
949 1380
949 1694
950 953
950 954
950 1515
950 1266
951 953
951 1052
952 956
952 1816
952 1390
953 954
953 956
953 957
953 1346
953 1579
954 955
954 957
954 958
954 1165
954 1497
954 1302
955 1785
955 1444
956 957
956 1367
956 1740
957 1191
957 1425
958 962
958 1228
958 1250
959 960
959 962
959 1724
960 1130
960 1153
960 1466
961 962
961 964
961 965
961 1369
961 1023
961 1089
962 965
962 966
962 1107
963 965
963 966
963 967
963 1438
964 967
964 1076
965 1315
965 1216
966 967
966 968
966 1135
966 1240
966 1648
966 1410
967 970
967 1158
967 1225
968 971
968 1860
968 1164
968 1549
969 972
969 973
969 1071
969 1885
969 1295
970 973
970 974
970 1417
971 1897
971 1268
971 1287
971 1425
972 974
972 975
972 976
972 1455
972 1971
972 1936
973 975
973 1627
973 1335
973 1376
973 1848
974 975
974 1052
974 1599
974 1544
974 1403
974 1737
974 1290
975 977
975 978
975 993
976 979
976 980
976 1808
976 1003
977 978
977 1243
977 1252
977 1107
977 1362
978 979
978 980
978 982
978 1078
978 1204
979 980
979 982
979 1850
979 1632
980 981
980 982
980 983
980 984
980 1890
981 982
981 1381
981 999
981 1976
982 1208
983 984
983 986
983 987
983 1559
983 1772
983 1845
983 1897
984 986
984 988
984 1505
985 986
985 988
985 989
985 1352
986 989
986 1835
986 1630
986 1780
987 1434
987 1712
987 1511
987 1308
987 1636
988 989
988 990
988 991
988 1439
989 993
989 1641
989 1126
990 991
990 994
990 1373
990 1550
990 1490
991 993
991 995
991 1638
991 1413
992 994
992 995
992 996
992 1869
993 994
993 995
993 1900
993 1456
994 997
994 1899
995 997
995 998
995 999
995 1246
995 1251
996 999
996 1000
996 1393
996 1026
996 1739
997 998
997 999
997 1060
997 1305
998 1001
998 1002
998 1316
998 1886
999 1000
999 1001
999 1002
999 1062
999 1110
1000 1002
1000 1003
1000 1004
1000 1880
1000 1894
1001 1002
1001 1003
1001 1004
1002 1935
1002 1337
1002 1727
1003 1004
1003 1007
1003 1535
1003 1546
1003 1190
1003 1408
1003 1317
1004 1005
1004 1290
1004 1378
1005 1009
1005 1183
1005 1268
1005 1991
1005 1177
1005 1217
1006 1007
1006 1324
1007 1008
1007 1009
1007 1010
1007 1594
1008 1009
1008 1012
1008 1952
1009 1013
1009 1361
1009 1505
1009 1696
1009 1201
1010 1012
1010 1013
1010 1511
1010 1726
1011 1012
1011 1014
1011 1015
1011 1371
1011 1302
1012 1016
1012 1362
1013 1016
1013 1017
1014 1015
1014 1016
1014 1018
1014 1239
1014 1320
1015 1016
1015 1017
1015 1019
1015 1474
1015 1914
1015 1211
1016 1018
1016 1019
1016 1043
1017 1018
1017 1057
1017 1406
1018 1021
1018 1022
1018 1349
1018 1078
1019 1022
1019 1058
1019 1691
1020 1021
1020 1022
1020 1023
1020 1024
1020 1038
1021 1022
1021 1023
1021 1024
1023 1026
1023 1227
1023 1599
1023 1350
1023 1665
1024 1027
1024 1496
1024 1858
1025 1026
1025 1028
1025 1029
1025 1810
1026 1814
1027 1028
1027 1029
1027 1030
1027 1031
1028 1029
1028 1865
1028 1328
1029 1030
1029 1031
1029 1033
1029 1856
1030 1032
1030 1033
1031 1032
1031 1034
1031 1035
1031 1572
1031 1891
1032 1034
1032 1036
1032 1127
1032 1890
1033 1034
1033 1036
1033 1037
1034 1036
1034 1038
1034 1870
1034 1851
1035 1037
1035 1039
1035 1816
1036 1038
1036 1039
1036 1669
1036 1485
1036 1333
1037 1038
1037 1041
1038 1990
1039 1040
1039 1041
1039 1042
1039 1489
1040 1042
1040 1043
1040 1044
1041 1044
1041 1234
1041 1826
1041 1838
1041 1366
1042 1043
1042 1045
1042 1046
1042 1086
1043 1044
1043 1047
1043 1453
1043 1644
1044 1045
1044 1047
1044 1240
1044 1300
1045 1046
1045 1047
1045 1681
1045 1962
1046 1048
1046 1049
1046 1053
1046 1683
1047 1048
1047 1050
1047 1051
1047 1538
1047 1170
1047 1442
1048 1049
1048 1085
1048 1299
1048 1931
1049 1050
1049 1051
1049 1052
1049 1053
1050 1051
1050 1052
1050 1483
1050 1697
1050 1215
1051 1053
1051 1642
1051 1237
1051 1673
1052 1054
1052 1056
1052 1367
1052 1959
1052 1153
1053 1054
1053 1925
1053 1930
1054 1055
1054 1057
1054 1058
1054 1977
1055 1058
1055 1678
1055 1215
1056 1058
1056 1059
1056 1962
1057 1061
1057 1516
1057 1228
1057 1263
1057 1311
1058 1059
1058 1535
1059 1061
1059 1063
1059 1750
1060 1061
1060 1062
1060 1064
1060 1283
1060 1328
1061 1064
1061 1065
1061 1441
1061 1122
1062 1066
1062 1312
1062 1392
1063 1982
1063 1323
1063 1200
1064 1065
1064 1066
1064 1067
1064 1068
1065 1066
1065 1067
1065 1068
1065 1069
1065 1223
1066 1067
1066 1068
1066 1069
1067 1068
1067 1069
1067 1520
1068 1070
1068 1072
1068 1596
1069 1070
1069 1071
1069 1420
1069 1316
1069 1862
1070 1072
1070 1073
1070 1074
1070 1983
1071 1072
1071 1075
1071 1623
1071 1861
1072 1073
1072 1074
1072 1076
1072 1961
1072 1276
1072 1819
1073 1074
1073 1075
1073 1076
1073 1780
1073 1221
1074 1077
1074 1078
1074 1368
1075 1076
1075 1463
1075 1551
1076 1078
1076 1080
1076 1344
1076 1420
1076 1863
1077 1079
1077 1080
1077 1081
1077 1160
1078 1082
1079 1080
1079 1083
1079 1455
1080 1082
1080 1083
1081 1084
1081 1085
1082 1083
1082 1084
1082 1085
1082 1086
1083 1328
1083 1927
1083 1411
1083 1399
1084 1285
1084 1467
1084 1882
1084 1906
1084 1145
1084 1230
1085 1089
1085 1121
1085 1710
1086 1088
1086 1089
1086 1090
1086 1469
1086 1592
1087 1748
1087 1431
1087 1891
1088 1089
1088 1305
1089 1092
1089 1093
1089 1972
1090 1094
1090 1308
1090 1718
1090 1303
1090 1955
1090 1714
1090 1767
1091 1093
1091 1095
1091 1732
1091 1810
1091 1299
1092 1095
1092 1096
1092 1681
1092 1746
1092 1914
1092 1253
1093 1094
1093 1095
1093 1097
1094 1095
1094 1096
1094 1097
1095 1097
1095 1098
1095 1119
1096 1097
1096 1098
1096 1099
1096 1168
1096 1618
1096 1685
1097 1100
1097 1474
1097 1416
1098 1099
1098 1102
1098 1815
1098 1269
1098 1692
1099 1100
1099 1102
1099 1318
1099 1488
1100 1102
1100 1108
1101 1103
1101 1104
1101 1105
1102 1103
1102 1104
1102 1105
1102 1106
1102 1190
1102 1488
1102 1832
1103 1104
1103 1106
1103 1356
1103 1124
1103 1505
1104 1105
1104 1106
1104 1108
1104 1521
1104 1854
1104 1525
1105 1106
1105 1107
1105 1108
1106 1107
1106 1108
1106 1109
1106 1448
1106 1385
1106 1969
1107 1111
1107 1881
1107 1131
1108 1111
1108 1261
1108 1715
1108 1884
1108 1156
1108 1280
1109 1110
1109 1112
1109 1113
1109 1991
1110 1680
1110 1836
1111 1114
1111 1115
1111 1357
1111 1192
1111 1563
1112 1114
1112 1497
1112 1991
1112 1333
1113 1115
1113 1117
1113 1205
1113 1750
1113 1495
1114 1116
1114 1571
1114 1259
1114 1535
1115 1117
1115 1118
1115 1826
1115 1409
1116 1117
1116 1119
1116 1832
1116 1353
1117 1171
1117 1500
1117 1318
1117 1723
1118 1119
1118 1120
1118 1121
1118 1122
1119 1120
1119 1123
1119 1983
1120 1121
1120 1123
1120 1552
1120 1943
1121 1714
1121 1921
1121 1878
1121 1308
1122 1123
1122 1126
1122 1966
1123 1124
1123 1125
1123 1127
1123 1504
1124 1125
1124 1127
1124 1635
1125 1126
1125 1127
1125 1128
1125 1129
1125 1773
1125 1997
1126 1127
1126 1130
1127 1131
1127 1631
1127 1824
1127 1549
1128 1130
1128 1131
1128 1596
1129 1685
1129 1134
1129 1875
1129 1139
1129 1636
1130 1132
1130 1133
1130 1561
1131 1132
1131 1133
1131 1134
1131 1843
1132 1133
1132 1134
1132 1135
1132 1136
1132 1198
1132 1651
1133 1136
1133 1137
1133 1921
1133 1453
1133 1440
1133 1573
1134 1135
1134 1333
1134 1418
1134 1356
1135 1136
1136 1138
1136 1139
1137 1138
1137 1140
1137 1357
1137 1383
1138 1141
1138 1691
1138 1191
1139 1140
1139 1939
1139 1984
1140 1141
1140 1142
1140 1144
1141 1144
1141 1145
1141 1986
1141 1238
1141 1889
1142 1144
1142 1146
1143 1144
1143 1147
1143 1453
1144 1145
1144 1146
1144 1949
1144 1812
1144 1473
1145 1147
1145 1149
1146 1150
1146 1910
1146 1622
1147 1150
1147 1821
1147 1760
1147 1412
1148 1149
1148 1150
1148 1151
1148 1152
1149 1150
1149 1151
1149 1152
1149 1313
1149 1936
1150 1153
1151 1152
1151 1153
1151 1154
1151 1155
1151 1485
1151 1624
1152 1153
1152 1154
1152 1301
1152 1484
1152 1833
1152 1265
1152 1285
1152 1750
1153 1154
1153 1157
1153 1635
1154 1156
1154 1157
1154 1158
1154 1224
1155 1157
1155 1159
1155 1479
1155 1533
1156 1157
1156 1684
1157 1483
1157 1348
1157 1645
1157 1740
1158 1161
1158 1977
1159 1160
1159 1162
1159 1468
1159 1268
1160 1161
1160 1163
1160 1720
1160 1346
1160 1837
1161 1162
1161 1164
1161 1656
1161 1955
1161 1403
1161 1725
1162 1163
1162 1164
1162 1165
1162 1166
1163 1165
1163 1167
1163 1431
1164 1165
1164 1166
1164 1168
1164 1723
1164 1851
1165 1167
1165 1168
1165 1886
1166 1168
1166 1169
1166 1170
1167 1243
1167 1930
1168 1310
1168 1322
1168 1634
1169 1172
1169 1862
1170 1171
1170 1172
1170 1174
1171 1173
1171 1383
1171 1426
1171 1879
1171 1826
1172 1174
1172 1870
1173 1174
1173 1176
1173 1507
1174 1175
1174 1177
1174 1179
1175 1176
1175 1177
1175 1179
1175 1953
1175 1871
1176 1178
1176 1179
1176 1180
1176 1201
1176 1181
1176 1313
1177 1178
1177 1180
1177 1181
1177 1266
1177 1315
1177 1533
1177 1675
1178 1182
1178 1858
1178 1463
1178 1499
1179 1180
1179 1182
1179 1719
1179 1750
1180 1181
1180 1183
1180 1913
1181 1185
1181 1359
1182 1183
1182 1185
1182 1485
1182 1864
1183 1184
1183 1185
1183 1186
1183 1187
1183 1403
1183 1765
1184 1186
1184 1187
1184 1493
1184 1670
1185 1186
1185 1188
1185 1921
1186 1188
1186 1190
1186 1263
1187 1188
1187 1190
1187 1191
1187 1367
1188 1190
1188 1853
1188 1426
1189 1191
1189 1192
1189 1524
1190 1194
1190 1717
1190 1856
1191 1424
1191 1208
1192 1193
1192 1194
1192 1195
1192 1196
1193 1194
1193 1195
1193 1753
1193 1598
1193 1698
1193 1711
1194 1195
1194 1706
1195 1454
1195 1502
1195 1516
1196 1320
1196 1890
1196 1529
1197 1198
1197 1200
1197 1201
1197 1717
1197 1629
1198 1201
1198 1202
1198 1434
1198 1843
1198 1263
1199 1203
1199 1244
1199 1682
1199 1784
1200 1201
1200 1202
1200 1675
1201 1202
1201 1205
1201 1691
1202 1203
1202 1204
1202 1205
1202 1267
1202 1326
1202 1350
1202 1991
1203 1206
1203 1207
1203 1863
1204 1206
1204 1208
1204 1965
1204 1411
1204 1345
1205 1206
1205 1208
1205 1209
1205 1680
1206 1587
1206 1880
1206 1870
1207 1208
1207 1209
1207 1210
1207 1864
1208 1627
1208 1480
1208 1922
1208 1678
1209 1212
1209 1920
1209 1863
1209 1329
1210 1213
1210 1214
1210 1730
1210 1337
1210 1645
1211 1212
1211 1214
1211 1461
1211 1410
1211 1282
1212 1213
1212 1214
1212 1215
1212 1705
1212 1776
1213 1214
1213 1215
1213 1216
1213 1217
1214 1215
1214 1216
1214 1217
1214 1774
1215 1216
1215 1218
1216 1217
1216 1234
1216 1331
1217 1218
1217 1220
1217 1221
1217 1892
1217 1303
1218 1219
1218 1221
1218 1222
1218 1409
1218 1848
1219 1220
1219 1221
1219 1223
1219 1473
1219 1944
1220 1222
1220 1223
1220 1224
1221 1222
1221 1224
1221 1225
1221 1343
1222 1225
1222 1226
1222 1703
1223 1502
1223 1901
1223 1916
1223 1712
1224 1225
1224 1227
1224 1228
1225 1227
1225 1228
1225 1529
1226 1227
1226 1728
1227 1228
1227 1229
1227 1230
1227 1231
1228 1231
1229 1232
1229 1233
1229 1999
1229 1753
1230 1904
1230 1840
1231 1232
1231 1235
1231 1988
1231 1851
1231 1600
1232 1234
1232 1235
1232 1811
1233 1237
1233 1332
1234 1237
1235 1236
1235 1237
1235 1238
1235 1239
1236 1237
1236 1238
1236 1827
1237 1238
1237 1241
1238 1239
1238 1240
1238 1241
1238 1892
1239 1240
1239 1241
1239 1243
1239 1976
1240 1732
1241 1245
1241 1490
1241 1473
1241 1469
1242 1244
1242 1245
1242 1246
1242 1742
1242 1291
1244 1246
1244 1247
1244 1460
1244 1946
1245 1246
1245 1247
1245 1249
1246 1248
1246 1250
1246 1877
1247 1474
1247 1908
1247 1275
1247 1794
1247 1571
1248 1251
1248 1252
1248 1288
1249 1250
1249 1543
1250 1251
1250 1253
1250 1254
1250 1971
1250 1648
1250 1567
1250 1532
1251 1253
1251 1254
1251 1344
1252 1253
1252 1255
1252 1256
1253 1254
1253 1255
1253 1257
1253 1866
1253 1996
1253 1842
1254 1255
1254 1258
1254 1671
1254 1277
1255 1259
1255 1453
1255 1399
1255 1837
1255 1618
1256 1258
1256 1739
1256 1758
1256 1290
1257 1260
1257 1261
1257 1485
1257 1882
1258 1259
1258 1260
1258 1504
1258 1818
1259 1261
1259 1262
1259 1263
1259 1879
1260 1262
1260 1855
1260 1517
1260 1968
1261 1265
1262 1264
1262 1265
1262 1360
1262 1304
1262 1767
1263 1264
1263 1265
1263 1266
1263 1633
1263 1539
1264 1266
1264 1267
1264 1880
1264 1967
1265 1267
1266 1677
1266 1852
1266 1911
1266 1859
1266 1629
1267 1270
1267 1271
1268 1271
1268 1998
1268 1742
1269 1273
1269 1997
1269 1338
1269 1594
1269 1584
1270 1271
1270 1273
1270 1550
1271 1275
1271 1453
1271 1695
1272 1273
1272 1275
1273 1274
1273 1276
1273 1277
1273 1770
1273 1289
1274 1275
1274 1276
1274 1278
1274 1900
1274 1999
1275 1276
1275 1279
1275 1990
1275 1623
1276 1810
1276 1605
1276 1649
1277 1279
1277 1280
1277 1915
1278 1280
1278 1281
1278 1282
1278 1859
1278 1442
1278 1976
1279 1283
1279 1808
1279 1320
1279 1529
1279 1903
1279 1595
1280 1283
1280 1535
1280 1570
1281 1284
1281 1285
1281 1881
1282 1284
1282 1827
1283 1286
1284 1286
1284 1287
1284 1829
1285 1287
1285 1288
1285 1289
1285 1941
1286 1288
1286 1290
1286 1548
1287 1288
1287 1289
1288 1289
1288 1291
1288 1526
1288 1575
1289 1290
1289 1291
1289 1292
1290 1291
1290 1418
1290 1451
1291 1294
1291 1490
1292 1293
1293 1294
1293 1295
1293 1788
1293 1361
1293 1785
1294 1295
1294 1298
1294 1445
1295 1592
1295 1769
1295 1624
1296 1298
1296 1300
1296 1590
1296 1317
1296 1313
1297 1301
1297 1625
1297 1813
1298 1299
1298 1301
1298 1302
1298 1677
1298 1754
1299 1300
1299 1301
1299 1852
1300 1301
1300 1303
1300 1670
1301 1303
1301 1304
1301 1305
1302 1303
1302 1305
1302 1571
1303 1306
1303 1307
1303 1623
1304 1306
1304 1307
1304 1308
1304 1650
1305 1962
1305 1657
1305 1381
1305 1353
1305 1306
1306 1307
1306 1308
1306 1309
1307 1310
1307 1311
1308 1310
1308 1311
1308 1668
1309 1311
1309 1313
1309 1436
1309 1631
1309 1987
1310 1312
1310 1313
1311 1590
1311 1757
1312 1315
1312 1316
1312 1676
1312 1401
1312 1534
1312 1616
1313 1316
1313 1574
1313 1420
1313 1484
1314 1315
1314 1316
1314 1417
1315 1316
1316 1317
1316 1318
1316 1972
1317 1318
1317 1320
1318 1319
1318 1320
1318 1322
1318 1797
1319 1323
1319 1505
1319 1977
1320 1321
1320 1322
1320 1777
1321 1323
1321 1325
1321 1730
1321 1894
1322 1323
1322 1324
1322 1586
1322 1677
1323 1325
1323 1326
1323 1666
1323 1438
1323 1992
1324 1325
1324 1327
1324 1850
1324 1673
1325 1326
1325 1327
1325 1328
1325 1329
1326 1329
1326 1330
1326 1720
1327 1328
1327 1331
1327 1429
1327 1820
1328 1329
1328 1330
1328 1332
1328 1402
1329 1330
1329 1331
1329 1896
1329 1664
1330 1331
1330 1332
1330 1333
1330 1334
1330 1782
1330 1419
1330 1486
1330 1877
1331 1332
1331 1333
1331 1334
1331 1940
1332 1334
1332 1597
1332 1356
1333 1336
1333 1957
1333 1753
1333 1372
1334 1337
1334 1338
1334 1739
1335 1336
1335 1339
1336 1339
1336 1340
1336 1752
1337 1338
1338 1339
1338 1340
1338 1341
1338 1436
1338 1686
1338 1987
1339 1342
1339 1577
1340 1341
1340 1342
1340 1591
1340 1772
1341 1342
1341 1343
1341 1959
1341 1410
1342 1346
1343 1344
1343 1346
1343 1451
1344 1345
1344 1347
1344 1348
1345 1346
1345 1347
1345 1607
1346 1347
1346 1350
1346 1730
1347 1349
1347 1350
1348 1349
1348 1351
1348 1352
1349 1350
1349 1351
1349 1353
1349 1772
1350 1354
1350 1841
1351 1352
1351 1353
1351 1355
1351 1900
1351 1474
1352 1353
1352 1356
1352 1997
1353 1621
1354 1355
1354 1356
1354 1358
1354 1923
1355 1356
1355 1358
1355 1359
1355 1472
1356 1359
1356 1951
1356 1869
1356 1397
1357 1359
1357 1360
1358 1359
1358 1360
1358 1572
1359 1360
1359 1361
1359 1363
1359 1505
1359 1965
1359 1735
1360 1362
1360 1363
1360 1364
1360 1912
1361 1362
1361 1363
1361 1365
1362 1365
1362 1463
1363 1364
1363 1365
1363 1366
1363 1744
1363 1977
1364 1367
1364 1788
1365 1366
1365 1369
1365 1606
1366 1368
1366 1370
1366 1439
1367 1371
1367 1966
1367 1906
1368 1369
1368 1370
1368 1371
1368 1372
1368 1696
1369 1371
1369 1384
1370 1372
1370 1374
1371 1372
1371 1375
1371 1734
1371 1536
1372 1374
1372 1375
1372 1376
1373 1375
1373 1377
1373 1973
1373 1926
1373 1406
1374 1377
1374 1378
1374 1633
1375 1376
1375 1377
1375 1929
1376 1379
1377 1380
1377 1942
1377 1781
1377 1549
1378 1379
1378 1380
1378 1381
1378 1382
1378 1875
1379 1381
1380 1381
1380 1383
1380 1384
1380 1793
1381 1383
1381 1384
1381 1385
1382 1383
1382 1384
1382 1385
1382 1739
1383 1387
1383 1445
1384 1386
1384 1815
1384 1661
1385 1386
1385 1387
1385 1389
1385 1656
1386 1387
1386 1388
1386 1389
1387 1388
1387 1390
1387 1599
1388 1389
1388 1390
1388 1392
1389 1391
1389 1392
1389 1393
1390 1391
1390 1392
1390 1393
1390 1394
1390 1640
1391 1392
1391 1393
1391 1448
1392 1394
1392 1395
1393 1394
1393 1396
1393 1397
1394 1398
1395 1396
1395 1397
1395 1476
1396 1398
1396 1400
1396 1701
1396 1685
1397 1399
1397 1400
1397 1689
1398 1399
1398 1400
1398 1401
1398 1402
1399 1783
1399 1902
1399 1934
1400 1402
1400 1403
1400 1925
1400 1954
1401 1405
1401 1861
1402 1403
1402 1404
1403 1405
1403 1406
1404 1405
1404 1406
1404 1874
1404 1453
1404 1891
1405 1407
1405 1409
1405 1687
1405 1716
1406 1407
1406 1409
1406 1733
1407 1409
1407 1410
1407 1852
1407 1552
1408 1411
1408 1566
1408 1480
1409 1412
1409 1465
1410 1504
1411 1413
1411 1682
1411 1721
1411 1564
1412 1413
1412 1414
1412 1649
1413 1414
1413 1809
1414 1416
1414 1418
1415 1416
1415 1417
1415 1418
1415 1829
1415 1571
1416 1552
1416 1936
1417 1418
1417 1419
1417 1492
1418 1420
1418 1422
1419 1422
1419 1713
1419 1851
1420 1424
1421 1422
1421 1423
1421 1425
1421 1996
1422 1423
1422 1424
1422 1425
1422 1956
1422 1483
1423 1426
1423 1878
1423 1694
1424 1428
1424 1842
1424 1712
1425 1426
1425 1428
1425 1681
1425 1465
1426 1428
1426 1824
1427 1429
1427 1430
1427 1431
1427 1855
1428 1429
1428 1430
1428 1775
1428 1675
1429 1430
1429 1433
1429 1670
1429 1884
1430 1431
1430 1432
1430 1538
1430 1971
1430 1563
1431 1659
1431 1578
1431 1995
1432 1433
1432 1434
1432 1435
1432 1436
1432 1919
1432 1625
1433 1434
1433 1817
1434 1673
1435 1439
1435 1440
1435 1740
1436 1439
1437 1438
1437 1439
1437 1441
1438 1439
1438 1442
1439 1441
1439 1443
1439 1492
1439 1824
1440 1441
1440 1444
1440 1450
1441 1443
1441 1445
1441 1577
1441 1760
1442 1443
1442 1445
1443 1640
1443 1495
1444 1446
1444 1447
1444 1448
1444 1785
1445 1446
1445 1447
1446 1447
1446 1448
1446 1449
1446 1450
1446 1696
1446 1911
1447 1841
1447 1949
1447 1512
1447 1612
1448 1452
1448 1628
1449 1450
1449 1451
1449 1452
1450 1451
1450 1453
1450 1454
1451 1452
1451 1454
1452 1454
1452 1456
1453 1456
1453 1457
1453 1870
1454 1455
1454 1844
1455 1546
1456 1457
1456 1458
1457 1458
1457 1459
1457 1461
1458 1460
1458 1461
1458 1767
1459 1460
1459 1825
1459 1938
1459 1483
1460 1464
1461 1464
1461 1465
1461 1926
1462 1464
1462 1465
1462 1466
1463 1464
1463 1465
1464 1981
1464 1503
1465 1468
1465 1469
1465 1629
1466 1995
1466 1482
1466 1939
1466 1642
1467 1469
1467 1470
1467 1471
1468 1469
1468 1471
1468 1472
1469 1470
1469 1471
1469 1813
1469 1606
1469 1757
1470 1471
1471 1472
1471 1473
1471 1474
1471 1475
1472 1473
1472 1474
1472 1476
1473 1475
1473 1476
1474 1475
1475 1477
1475 1478
1475 1479
1475 1988
1476 1477
1476 1478
1476 1480
1477 1478
1477 1479
1477 1481
1477 1674
1477 1696
1478 1480
1478 1481
1478 1656
1479 1481
1479 1483
1480 1483
1480 1484
1481 1484
1481 1485
1482 1485
1482 1700
1482 1691
1483 1484
1483 1487
1483 1761
1484 1487
1485 1489
1485 1973
1486 1489
1487 1488
1487 1489
1487 1490
1487 1491
1488 1492
1488 1862
1489 1490
1489 1491
1489 1492
1490 1491
1490 1492
1490 1493
1490 1494
1491 1492
1491 1494
1491 1784
1491 1727
1491 1779
1492 1495
1492 1496
1493 1494
1494 1495
1494 1497
1494 1498
1494 1624
1495 1496
1495 1499
1495 1902
1495 1843
1496 1497
1496 1498
1496 1499
1496 1686
1497 1498
1497 1804
1498 1500
1498 1501
1498 1543
1499 1500
1499 1501
1500 1503
1500 1504
1500 1787
1501 1502
1501 1503
1501 1505
1502 1503
1502 1506
1502 1741
1503 1506
1503 1566
1504 1506
1504 1858
1504 1663
1505 1508
1505 1509
1505 1908
1505 1544
1506 1507
1506 1508
1506 1509
1506 1510
1507 1508
1507 1510
1507 1592
1508 1510
1508 1849
1508 1678
1508 1513
1509 1511
1509 1512
1509 1513
1509 1850
1510 1511
1510 1512
1510 1513
1510 1998
1511 1515
1511 1689
1512 1514
1512 1515
1512 1516
1513 1514
1513 1515
1513 1516
1514 1515
1514 1518
1516 1518
1517 1518
1517 1519
1517 1520
1518 1520
1518 1521
1518 1522
1518 1951
1519 1520
1519 1521
1519 1522
1519 1523
1520 1521
1520 1522
1520 1524
1521 1523
1522 1524
1522 1526
1522 1721
1522 1832
1523 1526
1523 1527
1523 1850
1524 1527
1524 1528
1525 1526
1525 1528
1525 1529
1526 1527
1526 1720
1527 1528
1527 1529
1527 1531
1528 1529
1528 1530
1528 1942
1529 1530
1529 1531
1529 1532
1529 1533
1529 1850
1530 1531
1530 1532
1530 1533
1530 1534
1531 1532
1531 1533
1531 1609
1532 1795
1533 1534
1533 1536
1534 1536
1534 1538
1536 1537
1536 1538
1536 1611
1537 1538
1537 1539
1537 1540
1537 1541
1538 1539
1538 1970
1539 1540
1539 1543
1539 1997
1540 1749
1541 1543
1541 1544
1541 1545
1542 1543
1542 1587
1542 1558
1543 1545
1543 1622
1544 1545
1544 1547
1544 1951
1545 1546
1545 1548
1545 1549
1546 1548
1546 1550
1547 1549
1547 1550
1547 1551
1547 1853
1548 1550
1548 1551
1549 1550
1549 1553
1549 1958
1550 1553
1550 1554
1550 1846
1551 1552
1551 1553
1551 1555
1552 1553
1553 1554
1553 1555
1553 1996
1554 1555
1554 1784
1554 1738
1554 1911
1555 1557
1555 1558
1555 1588
1556 1557
1556 1558
1556 1559
1556 1825
1557 1560
1557 1561
1558 1561
1558 1711
1559 1563
1559 1685
1560 1561
1560 1562
1560 1563
1560 1564
1561 1562
1561 1983
1562 1563
1562 1564
1562 1565
1562 1566
1563 1564
1564 1565
1565 1567
1565 1569
1565 1711
1565 1811
1565 1963
1566 1567
1566 1569
1566 1570
1566 1975
1567 1568
1567 1569
1567 1571
1568 1570
1569 1570
1569 1572
1569 1573
1569 1819
1570 1571
1570 1572
1570 1574
1571 1718
1571 1614
1572 1574
1572 1575
1572 1576
1573 1577
1573 1882
1573 1746
1574 1578
1574 1886
1575 1576
1575 1577
1575 1779
1576 1577
1576 1578
1576 1579
1576 1580
1577 1578
1577 1581
1577 1766
1578 1580
1578 1581
1578 1874
1579 1580
1579 1581
1579 1583
1580 1582
1580 1815
1581 1582
1581 1584
1581 1585
1582 1584
1582 1585
1583 1584
1583 1586
1583 1587
1583 1757
1584 1587
1584 1833
1584 1835
1584 1763
1585 1587
1585 1588
1586 1587
1586 1589
1586 1590
1587 1590
1587 1723
1588 1589
1588 1590
1588 1592
1589 1590
1589 1591
1589 1593
1590 1591
1590 1768
1591 1593
1591 1595
1591 1809
1591 1660
1592 1593
1592 1594
1592 1595
1593 1596
1593 1597
1593 1925
1594 1595
1594 1598
1594 1836
1595 1596
1595 1597
1595 1598
1596 1597
1596 1599
1596 1600
1596 1974
1596 1715
1596 1719
1597 1599
1598 1600
1598 1602
1599 1601
1599 1603
1599 1806
1600 1601
1600 1602
1600 1603
1600 1768
1601 1602
1601 1603
1601 1604
1602 1605
1602 1606
1602 1976
1603 1604
1604 1607
1604 1608
1604 1638
1605 1607
1605 1608
1605 1609
1606 1609
1606 1610
1607 1608
1607 1702
1608 1609
1608 1611
1609 1611
1609 1613
1609 1941
1610 1611
1610 1948
1610 1721
1611 1613
1611 1614
1612 1615
1612 1958
1612 1788
1613 1614
1613 1616
1613 1617
1613 1856
1614 1616
1614 1617
1614 1838
1615 1616
1615 1617
1615 1973
1616 1617
1616 1618
1616 1619
1616 1743
1617 1618
1617 1619
1617 1620
1617 1813
1618 1620
1618 1622
1619 1620
1619 1621
1619 1622
1619 1623
1620 1621
1620 1622
1620 1894
1620 1923
1621 1622
1621 1624
1621 1625
1621 1828
1622 1624
1623 1625
1623 1627
1624 1954
1624 1672
1625 1626
1625 1627
1625 1886
1625 1658
1626 1627
1626 1630
1627 1699
1627 1769
1628 1629
1628 1630
1628 1631
1628 1902
1630 1631
1630 1634
1631 1633
1631 1635
1631 1712
1632 1634
1632 1635
1633 1637
1634 1636
1634 1734
1634 1658
1634 1659
1635 1636
1635 1639
1636 1637
1636 1638
1637 1638
1637 1640
1637 1641
1637 1806
1638 1639
1638 1785
1638 1881
1638 1985
1639 1640
1639 1641
1639 1643
1640 1641
1640 1644
1641 1642
1641 1644
1641 1645
1642 1643
1642 1645
1642 1646
1642 1891
1643 1644
1643 1646
1643 1701
1643 1922
1644 1645
1644 1647
1644 1851
1644 1906
1645 1646
1645 1648
1646 1647
1646 1648
1646 1649
1646 1650
1647 1648
1647 1650
1647 1651
1648 1651
1648 1652
1649 1650
1649 1656
1650 1651
1650 1653
1650 1813
1651 1652
1651 1654
1651 1675
1652 1653
1652 1656
1652 1966
1653 1654
1653 1657
1653 1769
1654 1655
1654 1656
1654 1657
1654 1778
1655 1656
1655 1657
1655 1659
1655 1734
1656 1658
1657 1660
1657 1661
1658 1661
1659 1662
1659 1919
1660 1662
1660 1663
1660 1664
1661 1662
1662 1663
1662 1664
1662 1895
1663 1664
1663 1665
1663 1666
1663 1812
1664 1665
1664 1666
1664 1758
1664 1766
1665 1667
1665 1668
1665 1786
1666 1668
1666 1669
1666 1670
1666 1927
1667 1668
1667 1669
1667 1670
1667 1671
1668 1669
1668 1670
1668 1671
1668 1672
1669 1670
1669 1673
1670 1673
1670 1674
1671 1672
1671 1673
1671 1910
1671 1771
1672 1675
1672 1830
1673 1675
1673 1676
1673 1942
1674 1675
1674 1676
1674 1677
1675 1676
1676 1679
1677 1678
1677 1680
1677 1681
1677 1755
1678 1680
1678 1681
1678 1950
1679 1680
1679 1682
1679 1683
1679 1928
1680 1681
1680 1974
1681 1682
1681 1838
1681 1907
1682 1685
1682 1686
1682 1972
1683 1684
1683 1686
1684 1687
1684 1688
1685 1688
1686 1687
1687 1688
1687 1690
1687 1691
1687 1752
1688 1690
1688 1691
1689 1691
1689 1693
1689 1834
1690 1691
1690 1692
1690 1693
1690 1694
1691 1695
1691 1788
1691 1963
1692 1693
1692 1695
1692 1887
1693 1695
1693 1735
1694 1696
1694 1698
1695 1696
1695 1697
1695 1699
1696 1698
1697 1698
1697 1700
1697 1701
1698 1699
1698 1701
1698 1932
1699 1700
1699 1701
1699 1702
1699 1813
1700 1701
1700 1702
1700 1703
1700 1705
1701 1702
1701 1703
1701 1947
1701 1869
1702 1703
1702 1704
1702 1705
1703 1704
1703 1705
1703 1706
1704 1705
1704 1706
1704 1708
1704 1736
1705 1706
1705 1707
1706 1710
1707 1708
1707 1709
1707 1710
1707 1711
1708 1709
1708 1710
1709 1711
1709 1712
1709 1866
1709 1964
1710 1711
1710 1712
1710 1714
1710 1983
1711 1712
1711 1713
1711 1714
1712 1713
1712 1882
1714 1715
1714 1716
1715 1718
1715 1719
1716 1717
1716 1718
1716 1720
1717 1718
1717 1719
1717 1720
1718 1720
1718 1721
1718 1722
1719 1722
1719 1723
1720 1722
1720 1723
1720 1743
1720 1850
1721 1722
1721 1724
1721 1725
1721 1904
1722 1723
1722 1724
1722 1726
1723 1724
1723 1726
1723 1974
1724 1727
1725 1726
1726 1729
1726 1730
1726 1995
1727 1730
1727 1731
1727 1874
1728 1731
1728 1732
1728 1904
1729 1731
1729 1732
1729 1733
1730 1732
1730 1733
1730 1734
1731 1733
1731 1734
1731 1735
1731 1838
1732 1733
1732 1734
1732 1849
1733 1734
1733 1736
1733 1737
1734 1735
1734 1736
1734 1738
1735 1738
1736 1737
1736 1739
1736 1740
1737 1739
1737 1741
1737 1842
1737 1799
1738 1740
1738 1741
1740 1741
1740 1742
1740 1744
1740 1826
1741 1742
1742 1743
1742 1744
1742 1746
1743 1744
1743 1745
1743 1747
1744 1747
1744 1748
1745 1747
1745 1749
1746 1747
1746 1750
1746 1978
1747 1749
1747 1750
1747 1751
1748 1750
1748 1752
1749 1750
1749 1752
1750 1752
1750 1753
1750 1838
1751 1753
1751 1755
1752 1753
1752 1754
1752 1908
1752 1961
1753 1755
1754 1755
1755 1756
1755 1853
1756 1758
1756 1759
1756 1760
1756 1940
1757 1758
1758 1759
1758 1760
1758 1761
1758 1762
1759 1761
1759 1762
1759 1763
1759 1920
1760 1761
1760 1764
1761 1762
1761 1764
1762 1763
1762 1765
1762 1885
1762 1947
1763 1764
1763 1766
1763 1937
1764 1766
1764 1975
1765 1766
1765 1767
1765 1768
1766 1767
1766 1768
1767 1769
1767 1770
1768 1772
1769 1986
1770 1774
1770 1784
1771 1775
1772 1773
1772 1775
1773 1775
1774 1776
1775 1777
1775 1778
1775 1779
1775 1867
1776 1777
1776 1778
1776 1780
1777 1779
1777 1781
1777 1874
1778 1779
1779 1780
1779 1781
1780 1782
1780 1783
1781 1782
1781 1783
1781 1785
1781 1954
1782 1785
1782 1786
1782 1811
1782 1839
1783 1784
1783 1915
1784 1786
1784 1787
1785 1786
1785 1787
1786 1789
1786 1841
1787 1789
1787 1790
1788 1815
1788 1812
1789 1790
1789 1791
1789 1792
1789 1793
1790 1791
1790 1793
1790 1794
1791 1792
1791 1793
1791 1794
1791 1795
1792 1793
1792 1796
1792 1936
1793 1990
1794 1796
1794 1797
1794 1798
1795 1798
1795 1799
1795 1985
1796 1799
1796 1800
1797 1800
1797 1801
1798 1799
1798 1800
1798 1801
1798 1802
1799 1800
1799 1801
1800 1801
1800 1803
1800 1804
1801 1802
1801 1803
1801 1804
1802 1804
1802 1806
1803 1804
1803 1805
1803 1926
1803 1813
1804 1805
1804 1807
1804 1808
1804 1931
1805 1807
1805 1808
1805 1809
1806 1808
1806 1809
1806 1810
1807 1809
1807 1810
1807 1811
1807 1902
1808 1809
1808 1810
1808 1812
1808 1911
1808 1997
1809 1810
1809 1811
1809 1813
1810 1814
1811 1814
1811 1815
1812 1814
1812 1815
1812 1816
1813 1815
1814 1815
1814 1816
1814 1818
1814 1987
1815 1816
1816 1818
1816 1819
1816 1889
1817 1819
1818 1819
1818 1820
1818 1882
1819 1820
1820 1821
1820 1822
1820 1824
1820 1861
1821 1825
1823 1824
1823 1826
1823 1827
1824 1825
1824 1827
1824 1828
1825 1826
1825 1827
1825 1829
1826 1830
1826 1965
1827 1829
1827 1830
1827 1831
1828 1829
1828 1843
1829 1832
1829 1833
1830 1832
1830 1833
1831 1832
1831 1833
1831 1835
1832 1833
1832 1836
1832 1898
1833 1835
1833 1836
1833 1837
1834 1838
1834 1909
1835 1837
1835 1838
1836 1839
1836 1840
1836 1962
1837 1838
1837 1840
1837 1841
1837 1951
1839 1843
1840 1841
1840 1843
1840 1844
1841 1842
1842 1843
1842 1845
1842 1844
1843 1844
1843 1846
1844 1846
1844 1848
1844 1868
1844 1958
1845 1846
1845 1848
1845 1849
1846 1847
1848 1851
1849 1852
1849 1974
1852 1856
1852 1926
1853 1960
1854 1856
1855 1857
1855 1858
1856 1857
1856 1858
1857 1858
1857 1860
1857 1861
1857 1904
1857 1884
1858 1862
1858 1910
1859 1861
1859 1862
1860 1861
1860 1864
1861 1862
1861 1864
1862 1865
1862 1957
1863 1865
1863 1932
1864 1865
1864 1866
1864 1867
1865 1867
1865 1868
1865 1869
1865 1880
1866 1867
1866 1869
1866 1870
1867 1869
1867 1871
1868 1870
1868 1872
1869 1871
1869 1872
1870 1872
1871 1873
1871 1875
1872 1873
1872 1874
1872 1875
1872 1876
1873 1874
1873 1875
1873 1876
1873 1877
1874 1876
1874 1877
1874 1878
1875 1876
1875 1878
1876 1877
1876 1878
1876 1880
1877 1879
1877 1881
1878 1991
1879 1881
1879 1883
1880 1881
1881 1882
1882 1883
1882 1885
1882 1886
1883 1885
1883 1886
1883 1887
1884 1888
1885 1887
1885 1967
1886 1887
1886 1890
1887 1888
1887 1889
1887 1890
1888 1889
1888 1892
1889 1890
1889 1891
1890 1892
1891 1892
1891 1894
1891 1960
1892 1894
1893 1895
1893 1897
1893 1942
1893 1978
1894 1896
1894 1897
1894 1898
1895 1896
1896 1897
1896 1898
1897 1898
1897 1900
1897 1901
1898 1899
1898 1973
1899 1900
1899 1902
1900 1904
1901 1905
1902 1903
1902 1905
1902 1906
1903 1905
1903 1907
1904 1906
1904 1908
1905 1906
1905 1907
1905 1908
1906 1907
1907 1908
1907 1909
1907 1910
1908 1909
1908 1911
1908 1912
1909 1910
1909 1988
1910 1911
1910 1912
1910 1913
1911 1921
1912 1913
1912 1920
1913 1914
1913 1915
1913 1916
1914 1918
1915 1917
1915 1918
1915 1919
1916 1918
1916 1920
1917 1918
1917 1920
1918 1920
1918 1921
1920 1921
1920 1924
1922 1923
1922 1926
1923 1924
1923 1925
1923 1927
1924 1925
1924 1927
1925 1926
1925 1928
1925 1929
1925 1950
1926 1930
1927 1929
1927 1930
1927 1989
1928 1931
1928 1932
1928 1988
1929 1930
1929 1933
1929 1977
1930 1932
1930 1933
1930 1934
1931 1932
1931 1934
1932 1936
1933 1934
1933 1935
1933 1936
1934 1935
1934 1936
1934 1937
1935 1937
1935 1938
1936 1939
1937 1938
1937 1939
1937 1940
1937 1941
1938 1939
1938 1941
1938 1942
1939 1940
1939 1996
1940 1942
1940 1944
1941 1942
1941 1943
1941 1945
1943 1946
1943 1947
1944 1945
1944 1946
1944 1947
1945 1946
1945 1948
1945 1949
1946 1947
1946 1948
1946 1950
1948 1949
1948 1950
1948 1952
1949 1950
1949 1953
1950 1952
1951 1954
1951 1955
1951 1967
1951 1973
1952 1953
1952 1954
1952 1955
1952 1956
1953 1954
1953 1980
1954 1955
1954 1957
1954 1958
1955 1956
1955 1958
1956 1958
1956 1959
1956 1960
1957 1958
1957 1960
1957 1961
1958 1960
1958 1962
1959 1963
1960 1962
1960 1963
1960 1964
1960 1981
1961 1963
1962 1963
1962 1964
1962 1965
1963 1964
1963 1965
1963 1966
1964 1965
1964 1968
1965 1994
1966 1969
1966 1970
1966 1998
1967 1968
1967 1971
1968 1969
1968 1970
1968 1972
1969 1973
1970 1971
1970 1972
1970 1974
1971 1973
1971 1975
1972 1973
1972 1974
1973 1974
1974 1975
1974 1977
1975 1978
1975 1979
1977 1978
1977 1979
1977 1981
1978 1979
1979 1980
1979 1981
1979 1982
1979 1983
1980 1981
1980 1982
1980 1983
1980 1984
1981 1982
1981 1983
1981 1984
1982 1984
1982 1985
1982 1986
1984 1985
1984 1986
1984 1987
1985 1988
1986 1988
1986 1990
1987 1988
1987 1989
1989 1991
1989 1992
1990 1991
1990 1992
1990 1993
1991 1994
1992 1993
1992 1994
1992 1995
1992 1996
1993 1995
1993 1996
1993 1997
1994 1995
1994 1997
1995 1997
1995 1998
1996 1997
1997 1998
1998 1999
