0 1
1 2
2 3
3 4
4 5
5 6
6 7
7 8
8 9
9 0
10 8
10 4
10 3
11 3
11 1
11 0
12 4
12 8
12 6
13 0
13 4
13 11
14 12
14 2
14 7
15 6
15 11
16 4
16 14
16 15
17 15
17 16
18 15
18 14
18 12
19 12
19 15
20 16
20 10
20 8
21 5
21 13
21 2
22 19
22 21
22 15
23 13
23 18
23 16
24 4
24 10
25 12
25 3
25 2
26 16
26 25
26 23
27 26
27 10
27 11
28 24
28 13
29 17
29 23
29 18
30 13
30 18
30 16
31 28
31 21
31 17
32 29
32 28
32 10
33 12
33 19
33 14
34 16
34 30
34 1
35 32
35 28
36 19
36 29
36 9
37 24
37 9
37 23
38 31
38 15
38 28
39 31
39 13
40 17
40 15
40 24
41 11
41 16
41 39
42 19
42 7
42 18
43 0
43 21
43 28
44 32
44 24
44 43
45 24
45 38
45 12
46 31
46 13
46 5
47 35
47 11
47 44
48 36
48 40
48 47
49 26
49 31
49 38
50 34
50 18
50 29
51 22
51 33
51 31
52 43
52 48
52 27
53 0
53 51
53 13
54 52
54 47
54 40
55 18
55 29
55 14
56 22
56 21
56 43
57 19
57 35
57 13
58 2
58 34
58 31
59 1
59 52
59 21
60 20
60 55
60 21
61 5
61 32
61 34
62 58
62 18
62 26
63 58
63 32
63 47
64 41
64 21
64 49
65 14
65 35
65 46
66 33
66 63
66 43
67 38
67 54
68 60
68 59
68 6
69 62
69 21
69 8
70 67
70 30
70 23
71 4
71 40
71 48
72 11
72 59
72 69
73 49
73 4
73 33
74 19
74 10
74 49
75 66
75 59
75 11
76 26
76 58
76 46
77 57
77 52
77 19
78 1
78 14
78 49
79 22
79 67
79 1
80 57
80 36
80 18
81 75
81 21
81 77
82 33
82 41
82 68
83 0
83 44
83 28
84 53
84 62
84 28
85 63
85 73
85 13
86 28
86 53
86 75
87 14
87 42
87 61
88 32
88 76
88 77
89 14
89 70
89 40
90 88
90 13
90 77
91 49
91 48
91 58
92 36
92 64
92 51
93 46
93 57
93 64
94 38
94 52
94 21
95 72
95 88
95 37
96 91
96 36
96 10
97 88
97 71
97 54
98 71
98 88
98 60
99 21
99 46
99 12
