0 1
1 2
2 3
3 4
4 5
5 6
6 7
7 8
8 9
9 0
10 1
10 3
10 4
11 0
11 2
11 8
12 9
12 3
12 2
13 0
13 1
13 4
14 2
14 9
14 12
15 2
15 9
16 2
16 8
16 9
17 2
17 3
17 14
18 14
18 4
18 5
19 10
19 4
20 2
20 10
20 9
21 17
21 4
21 9
22 7
22 1
22 13
23 13
23 5
23 4
24 10
24 4
24 23
25 2
25 18
25 24
26 23
26 12
26 15
27 23
27 1
27 4
28 4
28 0
28 21
29 15
29 24
29 17
30 26
30 10
30 7
31 26
31 2
31 28
32 25
32 16
32 26
33 7
33 15
33 20
34 0
34 21
34 4
35 8
35 18
36 25
36 30
37 17
37 15
37 13
38 21
38 35
38 12
39 3
39 8
39 4
40 4
40 16
40 22
41 22
41 27
41 30
42 10
42 24
42 4
43 12
43 9
44 18
44 27
44 10
45 3
45 13
45 1
46 6
46 31
46 18
47 43
47 10
47 33
48 0
48 25
48 15
49 24
49 23
49 2
50 20
50 9
50 15
51 4
51 26
51 1
52 10
52 1
52 32
53 15
53 12
53 21
54 8
54 22
54 20
55 20
55 16
55 27
56 0
56 20
56 36
57 4
57 20
57 12
58 54
58 47
58 17
59 38
59 16
60 59
60 25
60 41
61 31
61 53
61 16
62 50
62 46
62 20
63 21
63 38
63 32
64 58
64 53
64 56
65 23
65 41
65 20
66 39
66 5
66 11
67 32
67 1
67 15
68 8
68 4
68 2
69 38
69 18
69 17
70 47
70 15
70 38
71 33
71 40
71 30
72 4
72 53
72 43
73 68
73 47
73 49
74 2
74 65
74 42
75 49
75 26
75 53
76 75
76 62
76 26
77 42
77 73
77 26
78 10
78 75
78 21
79 27
79 68
79 76
80 6
80 62
80 14
81 8
81 62
81 6
82 47
82 14
82 28
83 12
83 42
83 15
84 25
84 27
84 7
85 1
85 22
85 43
86 33
86 10
86 38
87 51
87 30
87 4
88 81
88 5
88 41
89 48
89 86
89 29
90 81
90 12
90 15
91 24
91 21
91 50
92 39
92 73
92 38
93 41
93 23
93 67
94 15
94 69
94 7
95 6
95 12
95 80
96 23
96 61
96 82
97 24
97 2
97 12
98 24
98 2
99 51
99 45
99 66
