0 1
1 2
2 3
3 4
4 5
5 6
6 7
7 8
8 9
9 0
10 0
10 9
10 3
11 8
11 2
11 10
12 11
12 4
12 3
13 0
13 9
14 7
14 0
15 11
15 1
15 10
16 12
16 6
16 8
17 0
17 10
18 2
18 10
18 12
19 5
19 0
19 8
20 11
20 6
20 9
21 1
21 10
21 5
22 8
22 6
22 0
23 3
23 5
23 7
24 2
24 14
25 10
25 1
25 7
26 12
26 5
26 0
27 1
27 7
27 4
28 10
28 0
28 2
29 11
29 6
29 24
30 2
30 0
31 15
31 5
31 11
32 26
32 2
32 10
33 6
33 5
33 2
34 2
34 14
34 11
35 0
35 2
35 11
36 0
36 10
36 2
37 20
37 10
37 0
38 20
38 29
38 6
39 0
39 6
40 5
40 2
40 6
41 5
41 9
41 11
42 12
42 8
42 6
43 9
43 10
43 0
44 5
44 10
44 2
45 31
45 10
45 8
46 10
46 0
46 1
47 19
47 5
47 8
48 42
48 2
48 7
49 11
49 4
49 0
50 9
50 2
50 5
51 17
51 8
51 5
52 38
52 6
52 3
53 0
53 8
53 1
54 10
54 3
54 2
55 9
55 0
55 44
56 5
56 41
56 17
57 12
57 52
57 10
58 10
58 50
58 24
59 15
59 12
59 29
60 44
60 2
60 0
61 3
61 11
61 55
62 8
62 3
62 34
63 2
63 0
63 7
64 6
64 8
65 11
65 10
65 57
66 0
66 55
66 27
67 41
67 55
67 0
68 29
68 7
68 11
69 11
69 0
69 9
70 2
70 9
70 10
71 45
71 67
71 53
72 11
72 14
72 0
73 54
73 61
73 44
74 18
74 14
74 12
75 5
75 19
75 17
76 10
76 44
76 12
77 9
77 73
77 11
78 5
78 7
78 38
79 53
79 38
80 55
80 68
80 78
81 0
81 5
81 51
82 64
82 30
82 1
83 38
83 67
83 58
84 11
84 74
84 58
85 66
85 5
85 12
86 10
86 0
86 12
87 7
87 5
87 29
88 10
88 8
88 73
89 38
89 73
89 8
90 41
90 10
90 3
91 7
91 9
91 20
92 10
92 44
92 11
93 27
93 10
93 35
94 43
94 17
94 56
95 2
95 57
95 68
96 0
96 87
96 27
97 26
97 50
97 3
98 8
98 32
98 2
99 11
99 34
