0 4
0 5
0 6
0 7
0 8
0 9
0 10
0 11
0 12
0 20
0 24
0 28
0 34
0 37
0 51
0 54
0 59
0 76
0 84
0 88
0 134
0 142
0 148
0 157
0 178
1 4
1 6
1 13
1 14
1 26
1 35
1 36
1 37
1 39
1 57
1 64
1 78
1 79
1 97
1 104
1 118
1 133
1 142
1 155
1 162
1 196
1 220
1 223
1 233
2 4
2 5
2 7
2 8
2 14
2 15
2 18
2 22
2 23
2 39
2 47
2 48
2 49
2 53
2 99
2 114
2 186
2 194
2 197
2 206
2 211
2 252
3 4
3 5
3 6
3 8
3 9
3 12
3 18
3 22
3 27
3 31
3 38
3 42
3 44
3 59
3 70
3 85
3 95
3 96
3 126
3 140
3 150
3 155
3 178
3 180
3 183
3 185
3 273
3 290
3 292
4 5
4 6
4 7
4 9
4 10
4 13
4 15
4 17
4 19
4 20
4 22
4 25
4 29
4 39
4 40
4 41
4 56
4 67
4 73
4 75
4 78
4 79
4 92
4 95
4 105
4 120
4 139
4 150
4 158
4 161
4 164
4 170
4 240
4 292
4 293
4 296
5 7
5 8
5 11
5 12
5 13
5 16
5 18
5 22
5 31
5 37
5 40
5 51
5 55
5 65
5 69
5 106
5 109
5 115
5 116
5 122
5 147
5 164
5 188
5 200
5 208
5 213
5 228
5 232
5 269
6 15
6 21
6 26
6 31
6 33
6 41
6 53
6 54
6 57
6 62
6 71
6 89
6 138
6 155
6 158
6 167
6 229
6 253
6 268
6 278
7 9
7 11
7 15
7 16
7 19
7 23
7 24
7 34
7 38
7 42
7 43
7 44
7 51
7 83
7 97
7 99
7 114
7 156
7 165
7 169
7 220
7 247
7 266
7 269
7 271
7 280
8 10
8 11
8 12
8 16
8 25
8 36
8 44
8 46
8 51
8 68
8 76
8 81
8 87
8 106
8 120
8 125
8 182
8 189
8 192
8 196
8 198
8 209
8 216
8 234
9 10
9 29
9 49
9 88
9 102
9 175
9 216
9 274
9 287
10 14
10 32
10 35
10 50
10 59
10 63
10 65
10 98
10 104
10 115
10 235
10 245
11 13
11 14
11 16
11 17
11 18
11 19
11 25
11 27
11 32
11 61
11 62
11 66
11 77
11 78
11 80
11 98
11 103
11 113
11 114
11 117
11 165
11 187
11 201
11 206
11 211
11 224
11 228
11 241
11 248
11 278
11 279
12 17
12 32
12 35
12 44
12 65
12 82
12 89
12 109
12 141
12 157
12 159
12 177
12 210
12 281
12 284
13 17
13 19
13 25
13 28
13 36
13 37
13 38
13 58
13 61
13 64
13 67
13 84
13 111
13 115
13 125
13 131
13 133
13 215
13 223
13 258
13 285
14 20
14 21
14 28
14 71
14 96
14 122
14 143
14 154
14 159
14 172
14 174
14 190
14 284
14 293
15 26
15 46
15 57
15 60
15 77
15 90
15 108
15 136
15 172
16 21
16 26
16 29
16 32
16 62
16 81
16 91
16 94
16 176
16 255
17 21
17 24
17 45
17 55
17 68
17 123
17 126
17 172
17 219
17 271
17 275
17 299
18 27
18 30
18 42
18 74
18 80
18 107
18 117
18 134
18 158
18 172
18 174
18 179
18 193
18 225
18 227
18 270
19 20
19 34
19 80
19 121
19 129
19 173
19 202
19 297
20 23
20 24
20 28
20 33
20 45
20 46
20 56
20 72
20 79
20 130
20 133
20 137
20 145
20 149
20 180
20 181
20 185
20 192
20 203
20 210
20 240
20 271
21 23
21 39
21 40
21 47
21 50
21 67
21 69
21 72
21 83
21 93
21 102
21 217
21 257
21 285
21 286
22 29
22 50
22 139
22 152
22 195
23 27
23 35
23 60
23 93
23 111
23 118
23 159
23 170
23 171
23 213
23 226
23 232
23 238
23 276
24 68
24 71
24 166
24 179
24 221
24 277
25 30
25 33
25 36
25 38
25 41
25 43
25 68
25 90
25 96
25 99
25 107
25 112
25 119
25 120
25 157
25 219
25 249
25 283
25 287
26 31
26 33
26 34
26 87
26 279
26 289
27 40
27 48
27 52
27 64
27 235
27 295
28 30
28 43
28 47
28 60
28 95
28 100
28 105
28 113
28 127
28 131
28 136
28 165
28 207
28 208
28 231
28 240
28 249
29 30
29 52
29 53
29 61
29 233
30 69
30 88
30 90
30 110
30 127
30 139
30 185
30 198
30 199
30 205
30 221
30 237
30 238
30 261
30 263
31 85
31 124
31 150
31 154
31 167
31 191
31 206
31 222
31 290
32 48
32 60
32 66
32 193
33 45
33 52
33 56
33 63
33 102
34 125
34 157
34 217
34 277
34 289
35 50
35 82
35 87
35 129
36 46
36 74
36 255
36 273
37 41
37 52
37 63
37 214
37 242
38 45
38 65
38 83
38 90
38 144
38 160
38 162
38 175
38 205
39 43
39 67
39 84
39 91
39 138
39 151
39 200
39 218
40 58
40 77
40 86
40 111
40 123
40 124
40 128
40 140
40 161
40 169
40 195
40 213
40 287
40 288
41 42
41 47
41 55
41 66
41 69
41 78
41 100
41 104
41 141
41 209
41 215
41 218
41 220
42 88
42 128
42 161
42 255
42 266
43 48
43 72
43 73
43 81
43 107
43 137
43 140
43 159
43 225
43 250
43 267
44 53
44 71
44 79
44 99
44 127
44 153
44 212
45 49
45 55
45 64
45 70
45 92
45 101
45 130
45 131
45 132
45 135
45 282
46 54
46 56
46 59
46 61
46 70
46 75
46 76
46 95
46 116
46 149
46 153
46 173
46 191
46 232
46 234
46 253
47 58
47 106
47 130
47 147
47 161
47 210
47 231
47 283
48 49
48 94
48 121
48 138
48 183
48 193
48 225
48 236
48 244
49 57
49 84
49 103
49 117
49 198
49 230
49 266
49 283
50 54
50 103
50 112
50 188
50 194
50 204
51 63
51 75
51 113
51 135
51 144
51 146
51 262
52 73
52 85
52 163
53 70
53 100
53 108
53 152
53 164
53 194
53 221
53 256
53 267
54 58
54 62
54 98
54 101
54 156
54 237
54 278
55 66
55 93
55 129
55 142
55 166
55 184
55 201
55 282
55 284
56 77
56 86
56 92
56 106
56 122
56 145
56 176
56 227
56 276
56 277
56 292
57 186
57 286
58 86
58 125
59 81
59 108
59 137
59 143
59 217
59 259
60 74
60 89
60 112
60 244
60 288
61 72
61 111
61 135
61 160
61 232
61 254
61 272
62 203
62 260
62 263
62 281
63 170
63 180
63 225
63 259
64 74
64 97
64 130
64 143
64 154
64 246
64 251
64 261
65 113
65 168
65 257
65 260
65 285
66 109
66 144
66 191
67 76
67 143
67 239
67 248
67 291
68 126
68 139
68 166
68 167
68 183
68 199
68 241
69 73
69 85
69 171
70 128
70 142
70 145
70 173
70 180
71 89
71 150
71 177
71 219
72 82
72 101
72 262
73 75
73 100
73 105
74 80
74 135
74 141
74 194
74 243
74 285
75 86
75 92
75 129
75 148
75 151
75 239
75 291
76 102
76 252
77 117
77 160
77 226
77 246
78 82
78 114
78 123
78 207
79 127
79 199
79 228
79 296
80 83
80 101
80 103
80 109
80 128
80 163
80 168
80 176
80 260
80 270
80 297
81 87
81 94
81 98
81 115
81 144
82 112
82 132
82 158
82 162
82 196
82 220
82 279
83 93
83 96
83 124
83 141
83 187
83 188
83 189
83 265
84 149
84 153
84 199
84 221
84 234
85 91
85 218
85 291
86 131
86 136
86 164
87 97
87 252
87 253
88 91
88 121
88 132
88 214
88 244
88 260
88 272
88 275
88 298
89 179
89 249
90 169
91 94
91 242
91 294
91 299
92 108
92 126
92 191
93 124
93 163
93 289
94 104
94 138
94 209
94 257
94 262
94 280
95 107
95 148
96 110
96 134
96 137
96 239
96 264
96 294
97 110
97 206
98 146
98 165
98 243
99 105
99 154
99 201
100 118
100 169
100 187
100 245
101 110
101 119
101 228
101 237
101 251
102 204
102 212
103 120
103 212
103 222
103 264
103 295
104 160
104 173
104 177
104 288
104 298
105 136
105 140
105 189
106 186
106 272
107 118
107 119
107 121
107 132
107 151
107 179
108 152
108 155
109 189
109 212
109 224
109 250
110 183
110 293
111 116
111 119
111 122
111 156
111 162
111 242
112 116
112 123
112 175
112 192
113 171
113 224
113 286
115 167
115 195
115 249
115 283
116 216
117 247
118 280
120 274
120 296
121 148
121 184
122 152
122 254
123 205
124 149
124 269
125 134
125 146
126 245
126 264
126 265
127 181
127 231
127 264
127 294
128 133
128 177
128 209
128 277
129 145
129 238
130 236
130 299
131 216
132 188
132 293
133 147
133 208
133 223
133 256
134 187
136 268
137 153
137 166
137 296
138 215
138 248
138 267
139 251
140 147
140 151
140 178
140 229
140 263
143 146
143 168
143 198
143 211
144 156
144 168
144 214
145 170
145 182
145 211
145 259
146 181
146 190
146 210
146 213
146 217
147 195
147 226
147 231
148 185
148 202
148 261
150 237
150 238
151 204
151 256
152 175
152 200
153 263
154 174
154 241
154 266
155 230
156 190
157 196
157 233
157 261
158 186
158 197
158 203
158 234
159 171
160 190
160 254
161 176
162 163
163 192
163 243
164 181
164 184
165 178
165 297
166 214
167 246
167 250
169 290
170 193
170 298
172 182
172 222
172 235
172 258
173 174
173 197
173 201
173 236
173 270
174 241
175 184
175 197
175 202
175 227
176 182
176 200
176 259
176 279
178 203
178 240
179 229
180 252
182 215
182 250
183 202
183 208
185 288
186 239
186 282
187 227
187 247
188 273
189 265
191 207
192 204
193 246
194 207
194 255
195 235
195 244
195 268
195 274
196 205
196 281
200 226
200 258
203 218
203 258
204 278
205 253
207 272
208 267
208 289
209 222
211 219
211 243
211 271
212 256
212 291
212 294
212 295
214 223
214 224
215 233
215 275
218 297
219 287
220 230
223 230
223 274
224 229
224 236
226 242
229 257
231 247
231 262
232 245
232 273
237 275
237 298
238 269
241 254
241 282
243 251
244 248
249 295
251 281
255 276
259 268
260 265
262 276
266 270
268 284
268 299
277 280
277 286
282 290
286 292
