0 4
0 5
0 6
0 9
0 10
0 11
0 14
0 23
0 27
0 38
0 73
0 109
0 110
0 118
0 120
0 147
0 207
0 212
0 237
0 244
0 252
0 291
1 4
1 6
1 7
1 9
1 18
1 20
1 22
1 26
1 28
1 33
1 35
1 44
1 55
1 56
1 58
1 72
1 73
1 75
1 85
1 93
1 96
1 124
1 159
1 166
1 203
1 208
1 210
1 217
1 236
1 274
2 4
2 5
2 6
2 8
2 15
2 21
2 24
2 40
2 47
2 54
2 68
2 103
2 104
2 194
2 198
2 211
2 237
2 262
2 267
2 275
2 292
2 298
3 4
3 5
3 6
3 7
3 8
3 11
3 12
3 13
3 14
3 15
3 16
3 19
3 20
3 22
3 31
3 33
3 37
3 42
3 46
3 49
3 61
3 65
3 68
3 81
3 85
3 89
3 95
3 125
3 139
3 140
3 142
3 149
3 156
3 157
3 158
3 159
3 169
3 172
3 200
3 219
3 232
3 237
3 260
3 276
3 296
4 5
4 7
4 9
4 10
4 11
4 12
4 18
4 21
4 27
4 29
4 33
4 34
4 37
4 47
4 54
4 55
4 56
4 67
4 80
4 82
4 86
4 94
4 100
4 125
4 141
4 150
4 183
4 189
4 204
4 224
4 251
5 7
5 9
5 10
5 12
5 14
5 17
5 23
5 29
5 34
5 41
5 47
5 68
5 91
5 98
5 102
5 119
5 130
5 135
5 136
5 149
5 221
5 240
5 243
6 8
6 16
6 17
6 20
6 35
6 52
6 62
6 78
6 85
6 132
6 194
6 212
6 269
7 8
7 10
7 13
7 16
7 25
7 27
7 30
7 31
7 32
7 40
7 43
7 45
7 48
7 49
7 51
7 59
7 60
7 62
7 64
7 66
7 67
7 70
7 71
7 79
7 81
7 84
7 94
7 102
7 128
7 129
7 139
7 145
7 151
7 152
7 164
7 166
7 177
7 180
7 181
7 188
7 199
7 203
7 204
7 207
7 228
7 233
8 13
8 16
8 21
8 24
8 45
8 56
8 77
8 137
8 269
9 37
9 40
9 43
9 58
9 63
9 65
9 70
9 93
9 113
9 151
9 214
9 272
10 11
10 12
10 13
10 14
10 15
10 17
10 18
10 26
10 30
10 43
10 45
10 46
10 50
10 54
10 62
10 90
10 101
10 106
10 121
10 123
10 139
10 151
10 183
10 188
10 189
10 195
10 216
10 248
10 253
10 272
10 285
11 22
11 28
11 39
11 78
11 90
11 155
11 236
11 254
12 23
12 33
12 35
12 38
12 41
12 46
12 61
12 63
12 69
12 75
12 76
12 87
12 89
12 95
12 103
12 104
12 157
12 215
12 236
12 270
13 18
13 20
13 27
13 28
13 36
13 53
13 83
13 116
13 132
13 248
14 15
14 17
14 39
14 42
14 57
14 58
14 59
14 74
14 79
14 84
14 87
14 91
14 109
14 126
14 137
14 145
14 173
14 174
14 186
14 188
14 191
14 202
14 252
14 297
15 19
15 21
15 24
15 29
15 35
15 44
15 72
15 111
15 128
15 130
15 184
15 197
15 218
15 226
15 233
15 260
15 281
15 288
15 292
15 294
15 299
16 19
16 88
16 90
16 93
16 108
16 118
16 126
16 131
16 286
16 295
17 23
17 32
17 42
17 56
17 58
17 96
17 110
17 112
17 122
17 124
17 130
17 174
17 215
17 239
18 19
18 25
18 38
18 48
18 65
18 91
18 102
18 120
18 142
18 160
18 187
18 224
18 273
19 31
19 38
19 45
19 52
19 69
19 78
19 83
19 93
19 126
19 133
19 220
19 226
19 230
19 245
19 271
20 22
20 25
20 26
20 34
20 72
20 86
20 112
20 121
20 171
20 180
20 192
20 197
20 297
21 24
21 25
21 49
21 50
21 53
21 86
21 92
21 107
21 113
21 185
21 187
21 242
21 250
21 280
22 28
22 29
22 43
22 50
22 91
22 101
22 127
22 153
22 166
22 167
22 169
22 189
22 234
22 295
23 26
23 41
23 50
23 60
23 71
23 77
23 108
23 114
23 125
23 132
23 137
23 171
23 179
23 184
23 185
23 208
23 215
23 239
23 250
23 279
23 292
23 296
24 30
24 106
24 160
24 249
24 259
24 296
25 37
25 39
25 68
25 136
25 141
25 155
25 164
25 191
25 225
25 261
26 30
26 31
26 34
26 47
26 48
26 51
26 76
26 90
26 100
26 129
26 141
26 150
26 156
26 163
26 201
26 223
26 228
26 268
26 297
27 73
27 99
27 259
27 286
28 44
28 52
28 54
28 57
28 105
28 122
28 123
28 220
28 225
28 232
29 49
29 66
29 70
29 106
29 114
29 130
29 133
29 141
29 156
29 178
29 182
29 224
29 239
29 270
29 276
29 278
29 279
30 32
30 44
30 48
30 103
30 105
30 108
30 111
30 124
30 146
30 176
30 190
30 200
30 202
30 236
30 282
30 293
31 32
31 36
31 40
31 59
31 62
31 64
31 80
31 81
31 84
31 133
31 135
31 156
31 158
31 175
31 232
31 270
32 80
32 89
32 94
32 110
32 115
32 154
32 155
32 165
32 262
33 36
33 42
33 46
33 67
33 75
33 83
33 170
33 178
33 182
33 186
33 203
33 276
34 36
34 61
34 69
34 74
34 104
34 127
34 220
34 289
35 39
35 98
35 119
35 134
37 51
37 67
37 99
37 114
37 146
37 185
37 235
37 237
38 51
38 57
38 64
38 82
38 107
38 170
39 41
39 52
39 61
39 80
39 221
39 241
39 258
40 57
40 64
40 85
40 194
40 241
40 275
41 66
41 79
41 82
41 107
41 202
41 206
42 159
42 170
42 257
42 293
43 69
43 180
43 252
43 266
44 55
44 76
44 77
44 78
44 92
44 97
44 138
44 153
44 286
44 288
44 291
44 294
45 63
45 79
45 209
45 252
46 59
46 83
46 145
46 222
47 53
47 72
47 97
47 118
47 221
47 241
48 76
48 81
48 139
48 140
48 154
48 169
48 172
48 185
48 192
48 195
48 227
48 242
48 248
48 257
49 60
49 71
49 103
49 105
49 136
50 55
50 89
50 127
50 148
50 176
50 231
51 53
51 77
51 113
51 228
51 257
51 272
51 287
52 97
52 99
52 119
52 142
52 157
52 169
52 223
53 148
53 218
54 216
54 238
55 95
55 119
55 167
55 168
55 179
55 219
56 60
56 107
56 134
56 147
56 221
57 65
57 104
57 136
57 146
57 163
58 111
58 117
58 118
58 135
58 142
58 213
58 277
59 162
59 190
59 256
60 71
60 147
61 96
61 250
62 63
62 82
62 100
62 101
62 143
62 190
62 201
62 205
62 212
62 213
62 224
62 229
62 251
62 295
63 74
63 92
63 101
63 117
63 140
63 144
63 152
63 153
63 220
63 235
63 246
63 247
63 259
63 264
64 66
64 73
64 109
64 117
64 127
64 170
64 196
64 214
64 285
64 291
64 298
65 96
65 128
65 163
66 94
66 95
66 105
66 219
66 279
67 140
67 143
67 186
67 203
67 238
68 70
68 75
68 113
68 161
68 164
68 165
68 181
68 188
68 227
68 230
68 246
68 253
68 254
68 261
69 133
69 183
69 223
70 154
70 191
71 74
71 84
71 98
71 211
71 223
73 153
73 177
73 216
73 217
74 88
74 97
74 131
74 158
74 160
74 166
74 211
74 262
74 290
75 214
77 86
77 209
78 87
78 162
78 273
79 150
79 154
79 174
80 115
80 207
81 115
81 173
82 100
82 206
82 281
82 295
83 88
83 138
83 174
83 202
83 279
83 299
84 87
84 88
84 108
84 126
84 143
84 177
84 178
84 218
84 298
85 123
85 164
85 251
85 278
87 112
87 129
87 198
87 200
88 145
89 157
89 175
89 190
89 204
89 216
89 249
91 92
91 116
91 117
91 137
91 175
91 231
91 249
91 271
92 99
92 121
94 102
94 179
94 196
94 250
94 291
95 114
95 149
95 151
96 98
97 109
97 110
97 161
97 165
97 285
98 138
98 175
98 177
98 230
99 135
99 144
99 193
99 234
100 149
100 199
100 209
101 122
101 132
101 264
101 283
102 116
102 167
102 197
102 213
102 248
102 290
103 112
103 123
103 159
103 167
103 189
103 206
104 115
104 120
104 158
104 243
104 263
105 106
105 120
105 260
105 264
106 111
106 128
106 289
107 125
107 231
108 121
108 146
108 148
108 184
108 186
108 210
108 215
108 245
108 249
108 253
108 255
108 292
109 162
109 276
110 116
110 179
110 267
112 198
112 229
113 144
113 226
114 299
115 134
115 144
115 171
115 194
115 209
115 227
115 261
116 240
116 260
117 182
117 277
118 143
118 273
119 124
119 138
119 148
119 192
119 219
119 240
119 257
119 265
119 266
119 268
119 278
119 284
120 122
120 294
121 214
121 280
122 176
122 210
122 211
122 226
122 271
123 162
124 251
124 283
124 299
125 129
125 210
125 218
125 244
126 165
126 172
126 182
126 206
126 243
126 246
126 265
127 131
127 180
127 205
127 245
127 268
128 160
128 199
128 208
129 131
130 193
130 205
130 269
131 134
131 187
131 196
131 244
131 288
134 173
135 235
135 256
136 290
138 147
138 212
138 294
139 150
139 228
140 152
140 193
142 263
143 152
143 168
144 197
145 256
146 258
146 270
147 263
147 277
148 181
148 262
149 183
150 155
150 178
150 229
150 232
151 161
151 171
151 195
151 263
152 172
152 173
152 181
152 191
152 222
153 200
153 208
154 293
155 161
155 199
155 229
155 258
157 163
157 168
157 287
158 225
160 201
161 207
161 227
161 253
162 243
163 192
163 205
166 168
166 238
167 213
167 283
168 184
168 204
168 275
168 288
170 282
171 193
172 176
172 233
172 266
176 187
176 222
176 268
178 245
180 198
181 285
181 287
184 217
184 234
192 287
193 195
193 234
193 281
194 196
194 238
194 255
195 235
196 233
196 259
197 201
197 217
197 271
198 230
199 296
204 222
204 247
204 254
205 242
207 264
207 293
208 255
209 247
209 286
211 241
213 258
214 225
214 266
214 267
217 231
219 273
219 284
224 255
226 289
227 240
227 242
229 278
230 247
233 272
235 239
236 254
238 282
239 246
241 256
243 244
244 267
245 280
247 290
248 265
248 275
250 261
250 274
253 298
254 274
256 280
256 284
258 265
259 274
261 284
263 283
263 297
265 269
268 281
272 277
277 289
279 282
