0 4
0 5
0 7
0 8
0 9
0 11
0 12
0 18
0 22
0 28
0 34
0 35
0 39
0 48
0 53
0 76
0 79
0 137
0 143
0 148
0 176
0 213
0 244
1 4
1 5
1 6
1 10
1 11
1 28
1 31
1 40
1 41
1 59
1 73
1 84
1 88
1 93
1 138
1 176
1 200
2 4
2 5
2 6
2 7
2 9
2 10
2 12
2 14
2 32
2 37
2 57
2 70
2 95
2 118
2 167
2 175
2 230
2 256
2 258
3 4
3 5
3 6
3 8
3 10
3 13
3 15
3 20
3 24
3 30
3 36
3 46
3 49
3 78
3 87
3 99
3 158
3 162
3 210
3 212
4 11
4 14
4 17
4 20
4 24
4 39
4 41
4 46
4 68
4 167
4 174
4 297
5 6
5 7
5 8
5 9
5 13
5 16
5 18
5 25
5 29
5 30
5 36
5 43
5 68
5 74
5 97
5 100
5 142
5 154
5 179
5 191
5 193
5 287
6 7
6 8
6 10
6 11
6 14
6 15
6 16
6 17
6 19
6 24
6 28
6 42
6 44
6 58
6 102
6 106
6 129
6 137
6 221
7 13
7 17
7 23
7 27
7 40
7 52
7 70
7 82
7 96
7 114
7 116
7 290
8 9
8 22
8 27
8 43
8 45
8 81
8 121
8 135
8 162
8 190
8 198
8 232
8 238
8 259
9 12
9 13
9 19
9 20
9 29
9 36
9 44
9 45
9 114
9 118
9 124
9 182
10 12
10 15
10 21
10 22
10 23
10 31
10 62
10 112
10 164
10 236
10 289
11 14
11 21
11 25
11 27
11 29
11 35
11 42
11 58
11 69
11 81
11 84
11 92
11 139
11 178
11 197
12 17
12 38
12 45
12 54
12 58
12 96
12 118
12 146
12 152
12 163
12 186
12 207
12 209
12 229
12 233
13 15
13 16
13 18
13 21
13 25
13 33
13 52
13 53
13 56
13 83
13 86
13 132
13 150
13 222
13 280
14 23
14 26
14 48
14 54
14 55
14 72
14 75
14 86
14 89
14 92
14 117
14 120
14 126
14 149
14 246
14 256
14 290
15 16
15 37
15 39
15 50
15 63
15 68
15 73
15 75
15 82
15 113
15 151
15 155
15 165
16 19
16 34
16 36
16 48
16 51
16 55
16 64
16 77
16 109
16 112
16 119
16 123
16 147
16 159
16 209
16 213
16 247
16 249
16 285
17 18
17 19
17 21
17 22
17 26
17 37
17 38
17 47
17 56
17 78
17 134
17 201
17 277
17 296
18 33
18 40
18 59
18 60
18 84
18 93
18 99
18 110
18 142
18 148
18 212
18 220
18 279
19 20
19 43
19 47
19 66
19 72
19 85
19 90
19 93
19 97
19 125
19 131
19 194
19 241
20 26
20 29
20 33
20 34
20 38
20 39
20 48
20 50
20 71
20 88
20 115
20 130
20 142
20 222
21 23
21 27
21 35
21 52
21 57
21 65
21 69
21 83
21 115
21 122
21 130
21 199
21 223
22 24
22 25
22 31
22 32
22 38
22 40
22 55
22 57
22 70
22 72
22 132
22 137
22 140
22 208
22 253
22 276
23 26
23 28
23 56
23 58
23 75
23 87
23 134
23 151
24 42
24 54
24 61
24 99
24 109
24 138
24 203
24 253
25 33
25 44
25 60
25 66
25 86
25 229
26 30
26 32
26 37
26 65
26 67
26 71
26 107
26 111
26 123
26 157
26 158
26 199
26 211
26 275
27 41
27 44
27 60
27 62
27 76
27 91
27 162
27 185
27 190
28 31
28 50
28 68
28 69
28 82
28 107
28 145
28 153
28 173
28 268
29 30
29 35
29 71
29 94
29 168
29 271
30 32
30 45
30 62
30 73
30 125
30 133
30 147
30 192
30 200
30 217
30 229
30 245
30 267
31 42
31 54
31 59
31 63
31 79
31 90
31 108
31 127
31 169
32 34
32 41
32 46
32 51
32 52
32 67
32 77
32 99
32 140
32 158
33 60
33 98
33 114
33 151
33 172
33 224
34 47
34 73
34 101
34 286
35 61
35 67
35 71
35 102
35 128
35 136
35 143
35 218
35 233
35 284
35 298
36 103
36 126
36 157
36 260
37 49
37 64
37 69
37 75
37 106
37 120
38 43
38 57
38 63
38 64
38 70
38 90
38 105
38 126
38 144
38 145
38 160
38 195
38 210
39 96
39 113
39 156
39 188
39 257
40 85
40 87
40 221
41 46
41 50
41 273
42 49
42 56
42 123
42 133
42 138
42 234
42 263
42 265
42 294
43 95
43 101
43 132
43 154
43 220
43 270
44 47
44 51
44 53
44 61
44 64
44 102
44 103
44 112
44 133
44 161
44 187
44 222
44 242
45 62
45 91
45 163
45 181
45 185
46 88
46 163
46 282
47 51
47 55
47 65
47 80
47 115
47 171
47 172
47 184
47 195
47 225
48 49
48 98
48 135
48 161
48 265
48 272
48 291
49 53
49 72
49 89
49 98
49 163
49 197
49 258
50 63
50 197
50 238
51 59
51 76
51 100
51 184
51 215
51 227
51 229
52 61
52 87
52 117
52 131
52 134
52 169
52 240
52 244
53 76
53 85
53 89
53 92
53 96
53 97
53 98
53 119
53 129
53 133
53 154
53 287
54 77
54 144
54 170
54 188
54 226
54 272
55 74
55 79
55 110
55 116
55 170
55 171
55 180
55 275
56 65
56 104
56 124
56 136
56 164
56 198
56 234
56 235
56 294
57 66
57 94
57 100
57 178
57 251
58 78
58 108
58 152
58 260
59 66
59 88
59 144
59 179
59 201
59 231
59 296
60 80
60 82
60 116
60 181
60 204
60 256
61 240
61 252
61 283
62 105
62 188
62 200
63 101
63 105
63 127
63 186
63 206
63 207
63 213
63 243
63 245
64 67
64 83
64 121
64 127
64 139
65 84
65 94
65 117
65 150
65 297
66 78
66 81
66 91
66 155
66 172
66 248
67 80
67 165
68 104
68 113
68 129
68 166
68 220
68 286
68 299
69 140
70 74
70 153
70 173
70 177
70 207
71 138
71 168
71 209
72 79
72 91
72 92
72 213
72 243
72 271
72 276
73 74
73 86
73 107
73 111
73 243
73 288
74 80
74 83
74 85
74 103
74 140
74 174
74 244
74 277
75 77
75 94
75 95
75 122
75 162
75 189
75 190
75 205
76 108
76 203
76 215
76 227
76 239
77 81
77 95
77 179
77 180
77 198
77 238
77 291
78 90
78 108
78 139
78 164
78 183
79 182
79 259
80 93
80 103
80 106
80 169
80 191
80 224
80 226
80 235
80 236
81 101
81 210
81 223
81 228
81 231
81 232
81 260
81 283
82 104
82 118
82 125
82 126
82 149
82 192
82 284
82 296
83 104
83 114
83 196
83 230
83 269
84 107
84 111
84 120
84 205
85 110
85 171
85 175
85 246
86 89
86 97
86 143
86 145
86 151
86 155
87 128
87 176
87 181
87 197
87 204
87 220
88 124
88 149
88 160
88 202
88 216
88 242
89 105
89 136
90 116
90 135
90 209
91 110
91 122
91 201
91 214
91 227
91 277
92 177
92 237
92 285
93 109
93 111
93 182
94 121
94 289
95 112
96 128
96 146
96 156
96 157
96 164
96 194
96 206
97 161
97 233
97 234
97 243
98 100
98 102
98 144
98 192
98 218
98 247
98 294
99 153
99 257
100 113
100 120
100 141
100 247
100 271
101 106
101 147
101 159
101 195
101 202
101 227
101 240
101 249
102 125
102 167
102 195
102 246
103 117
103 134
103 281
104 109
104 130
104 193
104 216
105 169
106 122
106 139
106 142
106 166
106 224
106 226
106 272
106 278
106 299
107 115
107 148
107 221
107 231
107 272
107 292
107 295
108 276
109 166
109 199
109 208
109 210
109 250
109 273
109 280
110 119
110 124
110 161
110 178
110 194
110 203
110 211
110 217
110 218
111 168
111 181
111 211
111 239
112 130
112 206
112 241
112 257
113 121
113 152
113 190
113 198
113 215
113 233
114 119
114 232
114 242
115 156
115 158
115 223
115 248
115 264
116 127
116 166
116 212
117 274
118 123
118 182
118 183
119 234
119 238
120 217
120 231
120 255
120 291
121 135
121 137
121 145
121 165
121 183
121 205
121 215
121 221
121 250
121 299
122 191
122 245
122 251
122 297
123 132
123 185
123 260
124 131
124 143
124 149
124 154
124 208
124 265
125 293
126 129
126 152
126 214
126 252
126 269
127 128
127 131
127 160
127 186
127 275
128 146
128 186
128 196
129 148
129 191
129 264
130 141
130 189
130 235
130 249
130 270
131 147
131 225
131 290
132 136
132 268
133 146
133 159
133 170
133 172
133 180
134 232
134 257
135 230
135 249
135 263
136 298
137 141
137 178
137 200
137 263
138 141
138 177
138 254
138 267
138 294
139 155
139 157
139 264
140 168
140 269
141 187
143 150
143 179
143 192
143 254
143 273
143 279
144 160
144 193
144 206
144 225
144 237
144 264
145 246
145 281
146 167
146 176
146 219
147 174
147 248
147 287
148 150
148 165
148 199
148 204
149 183
149 245
150 175
150 216
150 279
151 156
151 205
151 222
151 255
151 280
152 153
152 171
152 187
153 159
153 193
153 259
154 185
154 201
154 214
155 214
155 236
156 237
157 174
157 283
158 202
158 230
159 187
159 262
160 212
160 275
160 278
161 189
161 270
163 177
163 208
164 170
164 173
164 196
164 211
167 250
167 253
167 286
168 175
168 280
169 228
169 252
170 219
170 266
170 290
172 173
172 189
172 236
172 250
172 258
173 180
173 184
174 228
174 273
176 184
176 203
176 207
176 237
176 277
179 196
180 216
180 223
182 202
183 262
183 278
185 188
186 228
186 262
188 282
192 194
192 271
194 217
194 254
196 287
198 219
198 261
198 284
200 224
200 267
201 285
202 218
202 241
202 244
203 204
203 252
203 282
204 248
204 278
205 253
205 298
206 262
206 288
207 286
211 219
212 226
212 254
212 285
212 289
215 284
220 235
220 289
221 266
222 239
222 251
222 261
223 225
223 274
225 263
226 241
227 255
227 261
228 266
228 292
231 240
232 293
233 281
234 267
235 239
235 242
236 259
236 266
236 288
236 293
238 261
238 274
240 247
240 251
240 282
242 268
243 255
244 274
244 295
246 281
247 276
247 296
248 256
248 270
251 268
252 283
252 298
256 258
256 265
256 295
258 299
262 269
262 292
263 279
271 293
272 292
277 295
283 288
285 291
291 297
