0 1
0 2
0 3
0 4
0 5
0 8
0 11
0 12
0 13
0 16
0 22
0 31
0 32
0 35
0 41
0 56
0 58
0 68
0 69
0 73
0 79
0 86
0 93
0 98
1 4
1 5
1 6
1 7
1 8
1 10
1 15
1 16
1 18
1 19
1 31
1 32
1 33
1 46
1 49
2 23
2 62
3 4
3 5
3 6
3 7
3 9
3 10
3 11
3 21
3 24
3 37
3 39
3 40
3 50
3 51
3 59
3 60
3 63
3 65
3 72
3 75
3 88
3 89
3 99
4 8
4 11
4 14
4 16
4 23
4 28
4 51
4 52
4 55
4 87
5 6
5 9
5 12
5 15
5 20
5 25
5 26
5 27
5 28
5 31
5 35
5 36
5 38
5 55
5 57
5 59
5 74
5 78
5 85
5 89
6 7
6 9
6 14
6 58
6 59
6 84
6 95
7 10
7 12
7 17
7 18
7 40
7 44
7 53
7 82
7 97
7 99
8 13
8 14
8 17
8 19
8 24
8 25
8 32
8 37
8 53
8 54
8 61
9 15
9 18
9 20
9 21
9 22
9 27
9 36
9 39
9 47
9 68
9 73
9 83
9 92
10 13
10 17
10 22
10 30
10 35
10 40
10 60
10 74
10 77
10 81
10 82
10 90
10 93
10 94
11 47
11 48
11 49
11 71
11 96
12 19
12 25
12 66
12 91
12 94
13 20
13 30
13 42
13 50
13 69
13 77
13 95
14 21
14 26
14 30
15 29
15 39
15 45
16 29
16 53
17 33
17 49
19 23
19 26
19 34
19 42
19 43
19 45
19 46
19 48
19 51
19 56
19 67
20 96
20 98
21 24
21 29
21 42
21 78
21 80
21 81
22 28
22 52
22 64
22 91
23 27
23 33
23 34
23 37
23 41
23 43
23 62
23 72
23 79
23 84
24 56
25 60
25 66
25 67
26 75
27 58
27 88
27 99
28 46
28 48
28 54
28 76
29 34
29 36
29 38
29 44
29 63
29 71
29 98
30 70
32 43
32 76
33 92
34 38
34 41
34 74
34 80
35 68
37 54
37 83
37 90
38 57
39 70
39 79
39 89
40 50
40 71
40 87
41 44
41 64
43 45
43 52
43 88
43 95
44 47
44 55
44 67
46 69
46 73
46 83
47 94
48 86
49 96
50 57
51 61
51 65
53 62
53 65
53 80
55 61
55 64
55 86
55 97
56 63
58 66
59 72
59 78
60 75
61 85
63 82
63 85
63 92
64 81
66 70
66 77
66 84
66 87
75 76
81 93
89 90
89 91
95 97
