0 1
0 2
0 3
0 4
0 6
0 8
0 9
0 12
0 18
0 19
0 22
0 24
0 26
0 27
0 37
0 42
0 43
0 47
0 48
0 51
0 52
0 57
0 73
0 74
1 4
1 5
1 6
1 7
1 8
1 21
1 23
1 28
1 29
1 36
1 38
1 42
1 49
1 61
1 70
1 88
1 89
1 92
2 7
2 12
2 14
2 40
2 45
3 4
3 5
3 10
3 11
3 13
3 14
3 20
3 24
3 41
3 79
3 85
4 5
4 13
4 24
4 33
4 51
4 52
4 60
4 64
4 71
4 73
4 98
5 6
5 8
5 9
5 10
5 12
5 15
5 16
5 19
5 22
5 23
5 26
5 28
5 30
5 50
5 55
5 59
5 64
5 67
5 86
5 98
6 7
6 11
6 13
6 15
6 17
6 21
6 25
6 27
6 29
6 31
6 33
6 35
6 38
6 45
6 46
6 52
6 54
6 59
6 68
6 69
6 70
6 77
6 80
6 83
6 84
6 86
6 96
7 16
7 23
7 28
7 40
7 47
7 74
7 87
8 9
8 11
8 15
8 18
8 41
8 44
8 49
8 60
8 62
8 63
8 65
8 73
8 78
8 87
8 98
9 10
9 18
9 32
9 57
9 80
10 25
10 31
10 37
10 69
10 78
10 81
10 88
11 30
11 46
11 56
11 72
11 93
11 97
12 14
12 17
12 20
13 30
13 43
13 48
13 70
13 75
13 99
14 17
14 27
14 58
14 61
14 63
14 76
14 81
14 95
14 99
15 16
15 36
15 54
15 64
15 77
15 91
16 21
16 36
16 49
16 88
16 92
17 32
17 45
18 19
18 20
18 32
19 25
19 34
19 71
19 75
19 81
20 22
20 33
20 39
20 44
20 46
20 53
20 54
20 55
20 65
20 91
21 83
21 84
22 35
22 37
22 41
22 56
22 75
22 83
25 26
25 51
25 61
25 68
25 69
25 72
25 76
25 79
26 43
26 47
26 67
27 60
27 82
27 94
28 29
28 34
28 39
28 90
30 31
30 34
30 39
30 42
31 62
32 35
32 89
33 53
34 71
34 76
35 38
35 44
35 63
35 80
37 40
37 85
38 56
40 50
40 62
40 66
41 48
41 50
41 57
41 67
42 53
42 58
42 59
43 95
45 72
48 58
48 66
49 79
51 95
53 85
54 55
54 65
54 68
55 66
55 77
55 82
56 84
58 96
58 99
61 74
64 97
67 90
71 94
71 96
72 78
74 82
75 87
78 92
79 86
80 89
80 91
80 97
81 93
86 93
86 94
89 90
