0 4
0 5
0 9
0 14
0 15
0 18
0 22
0 28
0 30
0 42
0 43
0 53
0 68
0 72
0 82
0 104
0 111
0 127
0 146
0 149
0 150
0 189
0 192
0 274
1 4
1 6
1 7
1 12
1 13
1 18
1 26
1 52
1 57
1 145
1 155
1 206
1 248
1 269
2 4
2 5
2 6
2 7
2 8
2 9
2 10
2 12
2 15
2 19
2 20
2 21
2 22
2 23
2 30
2 32
2 33
2 36
2 39
2 40
2 41
2 44
2 58
2 67
2 70
2 73
2 96
2 99
2 103
2 107
2 111
2 116
2 117
2 118
2 143
2 152
2 153
2 158
2 164
2 177
2 181
2 185
2 191
2 196
2 202
2 222
2 233
2 242
2 251
2 253
2 260
2 263
2 266
2 270
2 271
2 277
2 294
3 4
3 5
3 7
3 9
3 10
3 11
3 12
3 16
3 17
3 19
3 29
3 30
3 35
3 37
3 38
3 61
3 62
3 69
3 76
3 77
3 88
3 94
3 95
3 101
3 104
3 112
3 119
3 139
3 148
3 152
3 154
3 158
3 167
3 184
3 186
3 188
3 190
3 249
3 265
3 294
4 5
4 6
4 8
4 9
4 10
4 11
4 12
4 13
4 14
4 31
4 33
4 38
4 41
4 42
4 44
4 48
4 54
4 61
4 67
4 73
4 79
4 82
4 83
4 88
4 108
4 131
4 137
4 139
4 153
4 161
4 183
4 199
4 205
4 206
4 217
4 227
4 244
4 258
4 259
4 260
4 280
4 299
5 6
5 7
5 13
5 20
5 21
5 23
5 34
5 55
5 56
5 59
5 67
5 83
5 94
5 101
5 136
5 138
5 140
5 157
5 196
5 207
5 224
5 263
6 8
6 11
6 13
6 17
6 19
6 27
6 39
6 45
6 46
6 51
6 56
6 60
6 66
6 77
6 81
6 87
6 93
6 95
6 105
6 106
6 114
6 121
6 134
6 168
6 174
6 191
6 222
6 225
6 238
6 254
6 263
6 267
6 277
6 295
7 8
7 14
7 15
7 16
7 25
7 27
7 28
7 31
7 34
7 43
7 46
7 47
7 59
7 69
7 74
7 75
7 84
7 86
7 93
7 99
7 102
7 110
7 113
7 117
7 118
7 121
7 124
7 126
7 129
7 132
7 144
7 157
7 165
7 171
7 192
7 193
7 200
7 207
7 209
7 220
7 233
7 261
7 270
7 272
7 281
7 288
7 291
7 299
8 17
8 18
8 20
8 21
8 22
8 28
8 33
8 40
8 43
8 78
8 85
8 91
8 122
8 182
8 293
8 299
9 10
9 15
9 16
9 20
9 24
9 31
9 33
9 65
9 70
9 73
9 77
9 84
9 87
9 106
9 120
9 126
9 142
9 144
9 170
9 176
9 182
9 187
9 206
9 236
9 253
9 261
10 11
10 16
10 23
10 26
10 50
10 53
10 67
10 79
10 118
10 120
10 123
10 125
10 130
10 132
10 143
10 162
10 201
10 278
11 17
11 38
11 71
11 110
11 149
11 151
11 161
11 182
12 14
12 22
12 35
12 40
12 60
12 92
12 106
12 109
12 117
12 135
12 167
12 186
12 191
12 216
12 217
12 218
12 247
12 264
12 288
13 25
13 27
13 31
13 32
13 56
13 63
13 96
13 104
13 107
13 113
13 118
13 125
13 127
13 131
13 147
13 156
13 226
13 228
13 238
13 245
13 253
13 257
13 278
13 287
14 18
14 27
14 41
14 42
14 63
14 74
14 85
14 120
14 127
14 138
14 155
14 213
14 221
14 287
15 29
15 39
15 96
15 161
15 193
15 209
16 19
16 24
16 30
16 34
16 41
16 50
16 62
16 107
16 185
16 193
16 196
16 212
16 214
16 223
16 231
16 267
16 269
16 283
16 290
17 21
17 24
17 25
17 29
17 47
17 48
17 70
17 71
17 90
17 96
17 156
17 164
17 179
17 205
17 219
18 26
18 36
18 59
18 64
18 76
18 100
18 107
18 137
18 141
18 176
18 188
18 229
19 28
19 57
19 64
19 91
19 147
19 175
20 24
20 36
20 49
20 66
20 68
20 101
20 119
20 133
20 166
20 201
20 252
20 272
21 76
21 81
21 92
21 102
21 129
21 229
21 231
21 281
22 23
22 25
22 32
22 42
22 45
22 49
22 50
22 75
22 78
22 82
22 87
22 110
22 119
22 123
22 124
22 165
22 168
22 169
22 177
22 180
22 185
22 207
22 214
22 217
22 218
22 240
22 255
22 259
23 43
23 70
23 72
23 145
23 274
24 38
24 54
24 83
24 265
24 283
24 293
25 26
25 37
25 45
25 102
25 130
25 131
25 134
25 137
25 245
25 250
25 285
26 29
26 32
26 37
26 40
26 44
26 46
26 55
26 57
26 64
26 69
26 75
26 83
26 90
26 92
26 97
26 126
26 225
27 34
27 35
27 37
27 54
27 58
27 59
27 60
27 63
27 79
27 88
27 95
27 142
27 146
27 150
27 168
27 195
27 210
27 246
27 257
28 35
28 116
28 215
28 274
29 53
29 56
29 66
29 72
29 78
29 85
29 89
29 94
29 102
29 141
29 145
29 161
29 167
29 174
29 176
29 211
29 216
29 265
29 295
29 299
30 48
30 49
30 89
30 158
30 211
30 231
31 47
31 74
31 82
31 132
31 160
32 55
32 79
32 140
32 151
32 179
32 202
32 216
32 234
32 236
32 244
32 247
32 272
32 296
33 45
33 58
33 61
33 71
33 72
33 104
33 143
33 163
33 200
33 232
34 52
34 103
34 114
34 150
34 152
34 246
35 36
35 39
35 46
35 51
35 57
35 73
35 81
35 88
35 108
35 111
35 112
35 114
35 115
35 125
35 159
35 170
35 172
35 220
35 228
35 235
35 261
35 268
36 85
36 238
36 248
37 80
37 93
37 100
37 105
37 159
37 203
37 215
37 281
37 289
37 297
38 105
38 139
38 175
38 198
38 227
38 254
38 270
39 65
39 78
39 92
39 117
39 202
39 289
40 44
40 48
40 55
40 68
40 109
40 136
40 142
40 144
40 194
40 221
40 259
41 47
41 52
41 91
41 93
41 121
41 169
41 194
41 282
41 296
42 65
42 74
42 84
42 87
42 103
42 136
42 196
42 222
42 235
42 245
42 269
42 292
43 113
43 133
43 143
43 241
44 49
44 51
44 60
44 63
44 86
44 138
44 297
45 52
45 58
45 69
45 71
45 89
45 176
45 239
45 261
45 273
46 80
46 86
46 203
46 205
46 275
46 284
47 51
47 123
47 167
47 256
48 50
48 80
48 115
48 175
48 198
49 61
49 149
49 257
49 280
49 291
50 53
50 62
50 100
50 146
52 54
52 64
52 68
52 97
52 122
52 131
52 134
52 145
52 172
52 197
52 225
52 233
53 76
53 201
53 243
54 65
54 120
54 124
54 153
54 155
54 169
54 177
54 183
54 236
54 258
54 266
54 268
54 272
54 279
55 195
55 254
55 274
56 91
56 94
56 122
56 132
56 165
56 179
57 262
57 273
58 62
58 128
59 148
60 66
60 97
60 114
60 156
60 197
60 224
60 277
61 81
61 99
61 113
62 159
62 252
62 290
63 89
63 164
63 262
64 80
64 90
64 151
64 213
64 286
65 108
65 163
65 173
65 191
65 218
65 229
65 252
66 77
66 86
66 154
66 160
66 171
66 284
67 98
67 106
67 184
67 218
67 246
68 265
69 163
69 170
70 166
70 181
70 197
70 256
70 262
70 297
71 280
72 121
72 122
72 225
72 230
72 279
73 75
73 235
74 135
74 157
75 99
75 101
75 115
75 178
75 202
76 211
76 227
76 255
76 266
76 294
77 90
77 133
77 232
77 291
78 126
78 139
78 155
78 213
79 147
79 154
79 181
79 183
79 224
79 244
79 268
79 298
80 98
80 109
80 134
80 137
80 204
80 234
80 256
80 289
81 133
81 140
81 149
81 162
81 182
81 188
82 192
82 195
82 256
83 84
83 95
83 168
83 190
84 97
84 128
84 193
84 212
84 219
84 230
84 239
85 100
85 232
86 105
86 127
86 178
86 244
87 135
87 185
87 190
88 151
88 164
88 166
88 200
88 227
88 232
89 98
89 146
89 152
89 190
89 212
89 257
89 298
90 198
90 226
90 241
91 186
93 125
93 147
93 150
93 246
93 295
94 112
94 130
94 141
94 162
95 110
95 288
95 296
96 98
96 108
96 255
97 128
97 201
98 109
98 187
98 234
99 138
99 158
99 165
99 285
100 211
100 247
101 130
101 208
101 253
101 276
101 292
102 103
103 116
103 228
104 119
105 111
105 229
106 251
107 173
107 199
107 219
108 124
108 210
108 215
108 275
109 115
109 189
109 242
110 112
110 116
110 142
110 153
110 170
110 223
111 129
111 260
112 181
113 123
113 231
113 235
113 291
114 140
114 230
115 129
115 148
115 197
115 199
115 221
115 241
115 294
116 162
116 217
116 277
116 292
117 128
117 174
117 233
118 254
118 267
119 169
119 186
119 212
120 204
120 258
120 264
121 173
123 136
123 208
125 172
125 237
125 240
129 141
129 156
129 160
129 200
130 135
130 223
130 238
130 287
134 174
135 175
135 180
135 194
135 198
135 214
136 172
136 178
136 271
137 144
137 148
138 171
138 222
138 263
139 171
139 189
139 203
139 266
139 276
139 287
139 296
140 159
140 204
140 242
142 226
143 166
143 216
143 264
143 275
146 173
146 187
146 195
146 209
146 273
147 157
147 184
147 203
147 219
147 255
147 275
148 163
148 249
148 284
149 160
149 177
150 199
150 268
152 282
152 289
153 154
155 282
156 241
158 220
158 262
158 286
160 208
160 270
161 188
161 192
161 209
161 276
161 283
162 204
162 243
166 180
166 187
166 194
167 183
167 221
167 243
168 180
168 184
168 205
168 237
170 283
171 178
171 250
171 271
172 285
173 228
175 292
176 247
176 259
177 207
178 179
180 206
180 215
180 230
180 276
181 251
183 288
184 234
184 249
187 189
187 269
187 295
188 213
188 239
190 260
191 210
192 223
192 245
193 224
197 237
197 250
199 243
200 220
200 240
200 252
201 210
201 273
202 226
204 208
205 279
207 239
207 279
209 248
209 250
211 248
212 290
212 293
213 214
213 242
214 285
218 278
221 258
221 271
221 281
222 286
224 278
227 236
228 237
228 249
228 286
236 240
239 267
239 282
241 280
242 290
247 251
247 264
247 284
250 293
271 297
283 298
290 298
