0 4
0 5
0 6
0 11
0 16
0 18
0 22
0 32
0 47
0 57
0 70
0 85
0 96
0 99
0 144
0 147
0 242
0 261
0 298
1 4
1 5
1 8
1 10
1 16
1 27
1 31
1 32
1 56
1 57
1 64
1 123
1 132
1 143
1 195
1 262
2 4
2 6
2 7
2 11
2 13
2 14
2 21
2 24
2 43
2 67
2 81
2 199
2 228
2 235
2 252
2 276
3 4
3 5
3 7
3 9
3 11
3 13
3 16
3 20
3 23
3 27
3 28
3 31
3 49
3 65
3 71
3 103
3 107
3 181
3 183
3 208
3 213
4 5
4 6
4 7
4 9
4 12
4 15
4 21
4 23
4 36
4 39
4 59
4 107
4 156
4 175
4 186
4 189
4 196
4 225
5 6
5 7
5 8
5 17
5 18
5 19
5 20
5 24
5 25
5 34
5 40
5 41
5 52
5 82
5 112
5 120
5 142
5 175
6 8
6 9
6 10
6 12
6 14
6 15
6 18
6 25
6 32
6 50
6 51
6 54
6 78
6 82
6 90
6 100
6 122
6 170
6 192
6 208
6 216
7 8
7 9
7 10
7 21
7 27
7 34
7 40
7 51
7 58
7 59
7 77
7 109
7 145
7 148
7 158
7 193
7 196
7 230
7 248
8 10
8 14
8 15
8 24
8 28
8 39
8 46
8 55
8 63
8 81
8 104
8 115
8 222
8 258
9 12
9 13
9 15
9 20
9 23
9 26
9 39
9 53
9 84
9 93
9 95
9 112
9 119
9 129
9 164
9 167
10 11
10 12
10 14
10 21
10 26
10 30
10 42
10 45
10 47
10 52
10 106
10 112
10 116
10 125
10 148
10 283
11 17
11 33
11 42
11 61
11 78
11 79
11 99
11 119
11 121
11 140
11 145
11 154
11 224
11 236
11 271
12 13
12 17
12 19
12 22
12 29
12 36
12 41
12 77
12 82
12 122
12 169
12 174
12 177
12 219
13 18
13 19
13 25
13 30
13 35
13 38
13 52
13 70
13 85
13 110
13 126
13 136
13 158
13 160
13 173
14 16
14 17
14 27
14 29
14 45
14 62
14 73
14 79
14 80
14 152
14 166
14 168
14 190
14 236
15 20
15 22
15 41
15 47
15 51
15 58
15 84
15 90
15 92
15 138
15 211
15 212
15 270
16 19
16 30
16 53
16 100
16 147
16 291
17 26
17 28
17 33
17 36
17 38
17 42
17 44
17 64
17 79
17 233
17 260
18 30
18 33
18 35
18 44
18 98
18 150
18 188
18 202
18 289
19 23
19 48
19 52
19 74
19 76
19 93
19 119
19 149
19 159
20 22
20 29
20 37
20 43
20 130
20 187
20 231
20 249
20 275
20 288
21 25
21 33
21 38
21 40
21 54
21 70
21 75
21 77
21 108
21 117
21 125
21 129
21 155
21 162
21 192
21 279
22 26
22 31
22 60
22 102
22 135
22 155
22 206
22 210
22 257
22 268
22 288
22 297
23 24
23 28
23 40
23 58
23 63
23 69
23 98
23 127
23 128
23 173
24 29
24 32
24 35
24 37
24 56
24 69
24 76
24 106
24 175
24 225
24 231
25 31
25 35
25 44
25 65
25 75
25 91
25 100
25 133
25 144
25 195
26 42
26 48
26 66
26 68
26 73
26 137
26 191
27 67
27 69
27 87
27 89
27 102
27 159
27 230
28 37
28 45
28 69
28 73
28 126
28 156
28 165
28 249
28 265
29 41
29 65
29 74
29 79
29 151
29 174
29 292
30 34
30 59
30 110
30 114
30 184
30 234
31 67
31 94
31 108
32 34
32 38
32 62
32 89
32 172
32 218
32 294
33 36
33 48
33 50
33 54
33 56
33 57
33 71
33 91
33 194
34 39
34 44
34 55
34 56
34 72
34 105
34 146
34 150
35 49
35 96
35 132
35 153
35 178
35 200
35 288
36 37
36 46
36 47
36 48
36 50
36 63
36 87
36 90
36 95
36 129
36 138
36 154
36 174
37 61
37 113
37 157
37 269
38 51
38 61
38 66
38 71
38 80
38 87
38 97
38 136
38 141
38 215
39 43
39 55
39 83
39 103
39 110
39 124
39 155
39 262
39 274
40 117
40 167
40 202
40 243
40 294
41 43
41 46
41 114
41 161
41 167
41 179
41 250
42 46
42 49
42 53
42 60
42 83
42 88
42 91
42 120
42 121
42 146
42 161
43 53
43 64
43 72
43 86
43 94
43 116
43 128
43 195
43 278
43 280
44 45
44 49
44 102
44 111
44 135
44 149
44 189
44 232
44 255
45 54
45 60
45 65
45 66
45 71
45 76
45 84
45 88
45 133
45 135
45 165
45 283
46 57
46 60
46 63
46 151
46 209
46 244
46 285
47 55
47 68
47 77
47 86
47 110
47 172
47 212
47 213
47 216
48 59
48 62
48 66
48 97
48 142
48 166
48 226
48 234
48 256
48 282
49 50
49 58
49 61
49 64
49 67
49 83
49 97
49 101
49 120
49 123
49 136
49 162
49 172
49 289
50 94
50 135
50 150
50 176
50 269
50 294
51 80
51 83
51 85
51 95
51 108
51 139
51 147
51 264
51 287
52 70
52 140
52 145
52 254
52 259
53 72
53 74
53 82
53 88
53 118
53 144
53 161
53 183
53 186
53 194
54 75
54 80
54 124
54 129
54 186
54 274
55 109
55 131
55 144
55 146
55 151
55 258
56 62
56 68
56 151
56 152
56 205
57 72
57 78
57 165
57 190
57 212
57 238
57 247
57 267
57 299
58 76
58 88
58 103
58 109
58 140
58 161
58 172
58 218
58 290
59 178
59 210
59 211
59 227
60 75
60 181
60 207
60 248
60 251
61 81
61 85
61 142
61 197
62 86
62 121
62 154
62 287
62 295
62 298
63 81
63 149
63 177
63 242
63 262
64 92
64 236
65 74
65 103
65 123
65 127
65 139
66 68
66 126
66 145
66 184
66 241
66 270
66 293
67 96
67 104
67 107
67 108
67 163
67 296
68 84
68 98
68 171
68 180
68 188
69 73
69 89
69 96
69 101
69 139
69 206
70 100
70 111
71 98
71 106
71 206
71 245
72 125
72 134
72 160
72 218
73 89
73 94
73 123
73 128
73 153
73 199
73 201
74 153
74 207
74 219
75 87
75 118
75 141
75 143
75 190
75 245
76 117
76 120
76 146
76 188
76 196
76 218
76 249
76 251
76 276
77 78
77 115
77 121
77 148
77 223
77 299
78 221
78 253
79 93
79 99
79 101
79 118
80 136
80 176
80 266
80 273
81 86
81 131
81 149
82 91
82 97
82 115
82 122
82 137
82 158
82 164
82 176
82 235
82 258
82 289
83 101
83 132
83 171
83 179
83 217
83 246
83 256
84 113
84 211
84 275
85 114
85 186
85 191
85 194
85 292
86 90
86 92
86 95
86 105
86 247
87 113
87 134
87 169
87 273
88 137
88 213
89 118
89 171
89 177
89 208
89 265
89 295
90 92
90 107
90 124
90 138
90 148
90 174
90 200
90 267
92 93
92 99
92 119
92 197
92 210
92 231
93 122
93 124
93 139
93 245
94 105
94 116
94 183
94 198
94 203
94 212
95 131
95 192
95 247
95 265
96 105
96 111
96 237
96 242
96 251
97 102
97 173
97 214
97 255
97 264
97 285
98 112
98 113
98 117
98 150
98 173
98 290
99 104
99 109
99 130
99 133
99 214
99 246
100 104
100 106
100 131
100 271
101 168
101 170
101 201
101 283
102 138
103 111
103 204
103 207
103 237
103 253
104 114
104 229
104 235
104 284
104 295
104 299
105 116
105 157
105 171
105 193
105 282
106 128
106 163
106 168
106 180
107 127
107 147
107 250
108 182
108 189
108 191
108 192
108 195
108 244
108 298
109 115
109 127
109 130
109 178
109 185
109 225
110 152
110 154
110 158
110 202
111 193
111 208
111 223
111 238
112 201
113 125
113 130
113 184
113 215
114 170
114 214
114 215
114 243
115 185
116 137
116 226
116 266
116 286
117 200
118 237
119 182
119 278
120 143
120 162
120 179
120 203
120 243
121 126
121 207
121 234
122 133
122 222
122 279
122 287
123 202
123 214
123 241
124 160
124 164
124 176
124 221
124 251
125 143
125 156
125 185
125 247
125 248
126 197
126 259
127 132
127 231
127 291
128 178
128 264
129 141
129 175
129 233
130 134
130 141
130 232
131 134
131 142
131 232
131 263
132 240
133 152
134 153
134 191
134 206
134 272
135 140
135 258
136 163
136 166
136 185
136 269
137 220
137 227
137 272
138 260
138 279
138 285
139 181
140 263
140 284
141 182
141 187
142 163
142 164
142 170
142 209
142 215
142 288
142 293
143 189
143 239
143 244
144 157
144 211
144 249
145 230
145 263
145 265
145 272
146 166
146 168
146 289
147 182
147 184
147 297
148 232
148 254
149 233
149 252
150 157
150 167
150 259
151 179
151 254
151 277
152 159
152 165
152 260
152 284
152 298
153 187
153 210
153 277
153 290
154 155
154 194
154 216
154 239
154 277
155 156
155 267
155 269
157 278
158 159
158 160
158 180
158 229
158 255
159 162
159 169
159 227
159 255
159 263
160 188
160 213
160 275
160 280
161 193
161 198
161 238
161 268
161 286
162 199
162 205
162 224
162 228
164 225
164 276
165 181
165 205
165 222
165 235
167 169
168 226
169 177
169 291
170 199
170 219
170 256
171 203
172 196
172 276
173 291
174 180
174 297
175 285
176 201
176 222
176 287
176 296
177 183
177 272
178 190
178 204
178 238
178 239
178 260
178 261
179 197
181 187
181 220
181 275
181 284
182 203
183 233
183 257
183 281
184 204
184 209
184 229
184 256
185 241
185 290
187 204
187 239
188 268
189 198
190 224
190 226
190 244
190 293
191 200
191 220
191 228
191 240
191 253
192 209
192 250
192 262
192 286
193 220
193 224
194 254
196 198
196 221
196 259
197 297
199 205
199 216
200 219
200 236
200 266
200 277
204 217
204 227
204 240
205 217
205 223
205 230
205 241
205 271
207 228
207 234
208 223
208 273
208 296
209 286
210 237
210 270
213 221
213 295
214 217
214 229
214 273
214 292
217 253
217 278
219 243
219 245
220 274
222 292
223 246
223 257
224 271
224 280
226 242
227 246
229 250
229 268
229 281
230 252
230 261
232 296
233 267
235 264
236 240
236 257
239 294
242 281
245 252
246 248
246 280
252 270
253 261
254 266
255 299
256 282
258 282
258 283
272 274
277 279
277 281
291 293
