1 0
1 211
1 240
0 42
0 86
0 211
0 240
0 169
211 43
211 44
240 212
42 165
86 199
169 2
169 4
169 6
169 119
169 121
169 168
169 173
169 177
3 2
3 142
3 143
2 34
2 43
2 85
2 143
2 199
142 33
142 34
143 32
43 212
43 165
85 113
199 198
199 244
5 4
5 144
5 145
4 37
4 84
4 145
4 213
144 36
144 37
145 35
84 244
84 111
213 6
213 33
213 165
213 212
7 6
7 146
7 147
6 38
6 83
6 146
6 36
146 39
147 38
147 40
83 88
83 192
36 35
36 40
9 8
9 214
9 241
8 55
8 93
8 214
8 241
8 170
214 56
214 57
241 215
55 166
93 178
170 10
170 12
170 14
170 168
11 10
11 148
11 149
10 47
10 56
10 92
10 149
10 178
148 46
148 47
149 45
56 215
56 166
92 176
178 177
178 245
13 12
13 150
13 151
12 50
12 91
12 151
12 216
150 49
150 50
151 48
91 245
91 175
216 14
216 46
216 166
216 215
15 14
15 152
15 153
14 51
14 90
14 152
14 49
152 52
153 51
153 53
90 95
90 174
49 48
49 53
17 16
17 217
17 242
16 68
16 100
16 217
16 242
16 172
217 69
217 70
242 218
68 167
100 184
172 18
172 20
172 22
172 171
19 18
19 154
19 155
18 60
18 69
18 99
18 155
18 184
154 59
154 60
155 58
69 218
69 167
99 182
184 183
184 246
21 20
21 156
21 157
20 63
20 98
20 157
20 219
156 62
156 63
157 61
98 246
98 181
219 22
219 59
219 167
219 218
23 22
23 158
23 159
22 64
22 97
22 158
22 62
158 65
159 64
159 66
97 102
97 180
62 61
62 66
25 24
25 220
25 243
24 107
24 220
24 243
220 77
220 221
243 223
107 190
27 26
27 222
27 79
26 77
26 106
26 222
26 190
222 221
79 80
77 223
77 80
106 188
190 189
190 247
29 28
29 160
29 161
28 73
28 78
28 105
28 161
28 164
28 221
160 72
160 73
161 71
78 223
105 247
105 187
164 80
164 81
221 81
31 30
31 162
31 163
30 74
30 104
30 162
30 72
162 75
163 74
163 76
104 109
104 186
72 71
72 81
72 223
72 76
33 32
33 44
33 41
41 40
41 212
40 39
40 82
40 89
40 96
40 103
40 53
40 194
40 88
40 95
40 102
40 109
82 192
89 174
96 180
103 186
53 52
53 54
53 165
53 66
194 195
194 248
88 87
88 111
95 94
95 175
102 101
102 181
109 108
109 187
46 45
46 57
46 54
54 215
66 65
66 67
66 166
66 76
59 58
59 70
59 67
67 218
76 75
76 167
192 191
244 87
244 113
111 110
113 112
174 173
245 94
245 176
175 119
176 121
180 179
246 101
246 182
181 127
182 129
186 185
247 108
247 188
187 135
188 137
110 225
225 114
225 233
112 224
224 116
224 233
115 114
117 116
119 118
118 227
227 122
227 234
121 120
120 226
226 124
226 234
123 122
125 124
127 126
127 168
126 229
168 129
168 171
168 179
168 183
229 130
229 236
129 128
128 228
228 132
228 236
131 130
133 132
135 134
135 171
134 231
171 137
171 185
171 189
231 138
231 238
137 136
136 230
230 140
230 238
139 138
141 140
173 196
177 203
179 201
183 207
185 205
189 209
196 197
196 249
203 204
203 250
201 202
201 250
207 208
207 251
205 206
205 251
209 210
209 239
191 193
191 248
248 233
249 198
249 234
198 200
250 236
251 238
239 237
233 232
234 232
236 235
238 237
232 235
235 237
