0 26
0 62
0 70
0 80
0 83
1 6
1 12
1 30
1 33
1 35
1 47
1 60
1 69
1 73
1 81
1 88
1 94
1 96
2 7
2 29
2 43
2 64
2 66
2 82
2 90
2 97
2 99
3 8
3 18
3 29
3 38
3 42
3 51
3 55
3 59
3 95
4 16
4 24
4 33
4 45
4 50
4 89
4 99
5 19
5 59
5 65
5 69
5 82
5 83
5 86
5 92
5 98
6 16
6 31
6 41
6 49
6 72
6 77
7 20
7 28
7 30
7 51
7 63
7 66
7 69
7 74
7 75
7 83
7 88
8 21
8 23
8 24
8 34
8 59
8 62
8 81
8 84
8 85
9 10
9 29
9 37
9 60
9 65
9 66
9 83
9 85
9 87
9 88
10 16
10 24
10 34
10 43
10 51
10 53
10 58
10 61
10 92
11 14
11 18
11 29
11 52
11 60
11 62
11 68
11 72
11 84
11 90
12 14
12 60
12 75
12 84
12 92
13 17
13 20
13 32
13 49
13 76
13 88
13 97
13 98
13 99
14 24
14 31
14 45
14 46
14 48
14 49
14 67
14 80
14 86
15 31
15 50
15 66
15 71
15 94
16 27
16 32
16 43
16 45
16 49
16 69
16 73
16 75
16 83
16 89
17 18
17 29
17 51
17 52
17 53
17 57
17 76
17 80
17 99
18 24
18 41
18 42
18 43
18 58
18 63
18 67
18 72
18 82
18 90
18 93
18 95
19 25
19 26
19 40
19 42
19 50
19 51
19 55
19 61
19 67
19 73
20 26
20 33
20 38
20 59
20 73
20 78
20 81
20 87
20 99
21 40
21 42
21 56
21 62
21 66
21 71
22 50
22 61
22 64
22 73
22 77
22 94
22 95
23 37
23 44
23 50
23 61
23 67
23 70
23 81
23 83
23 87
23 93
24 30
24 32
24 55
24 56
24 57
24 62
24 63
24 69
24 70
24 71
24 80
24 86
25 67
25 74
25 87
25 92
25 99
26 29
26 48
26 51
26 52
26 68
26 72
26 86
26 91
27 28
27 33
27 49
27 51
27 76
27 85
28 31
28 37
28 38
28 41
28 65
28 70
28 89
28 93
29 34
29 36
29 66
29 96
29 97
30 49
30 58
30 63
30 65
30 79
30 84
31 33
31 54
31 61
31 69
31 91
32 42
32 50
32 75
32 90
33 43
33 46
33 51
33 57
33 69
34 41
34 81
34 87
34 99
35 50
35 59
35 62
35 74
35 85
35 99
36 38
36 48
36 55
36 57
36 60
36 67
36 74
36 80
37 39
37 40
37 44
37 53
37 59
37 64
37 65
37 72
37 79
37 90
37 94
38 40
38 41
38 69
38 71
38 96
39 51
39 52
39 64
39 69
39 77
39 94
39 96
39 99
40 59
40 78
40 82
42 49
42 69
42 71
42 90
42 98
43 45
43 57
43 68
43 97
43 98
44 47
45 47
45 51
45 80
45 91
46 48
46 49
46 68
46 69
46 74
46 79
46 85
46 96
47 75
47 78
48 58
48 71
48 80
48 88
49 50
49 51
49 54
49 87
50 55
50 59
50 74
50 95
50 99
51 55
51 65
51 73
51 97
53 74
53 81
54 78
54 80
55 56
55 58
55 79
55 88
57 71
57 84
57 89
58 65
58 86
59 67
59 72
59 73
59 91
60 71
60 81
60 88
60 95
60 97
61 65
61 71
61 79
61 94
62 64
62 69
62 76
62 98
63 72
63 77
63 91
63 98
64 67
64 78
64 80
64 81
64 83
64 85
65 78
65 91
66 77
66 88
67 68
67 74
67 90
67 91
69 85
69 89
69 94
70 72
72 79
72 85
72 92
74 75
74 86
74 92
75 78
75 87
76 85
76 88
76 92
76 99
77 90
77 98
78 85
78 96
79 82
79 91
79 96
82 95
84 89
86 98
87 92
90 91
90 99
92 95
94 98
