0 99
0 98
0 97
0 96
0 80
0 61
0 8
0 84
0 72
0 28
1 3
1 5
1 92
1 84
1 55
2 99
2 98
2 64
2 95
2 22
2 46
2 71
2 68
2 58
2 17
3 4
3 5
3 99
3 29
3 44
3 8
3 56
4 6
4 40
4 14
4 86
5 7
5 43
5 87
5 67
5 58
6 7
6 27
6 76
6 14
7 11
7 45
7 60
7 14
7 44
8 11
8 14
8 58
8 83
8 85
8 46
9 10
9 13
9 32
9 48
9 83
10 12
10 14
10 78
10 50
10 97
11 12
11 13
11 27
11 66
11 34
11 37
12 13
12 14
12 15
12 16
12 24
12 26
13 14
13 15
13 17
13 27
13 22
13 31
14 22
14 72
14 42
14 50
14 49
15 17
15 18
15 44
15 28
15 67
15 25
16 17
16 18
16 20
16 34
16 89
17 18
17 19
17 20
17 86
18 19
18 21
18 22
18 65
19 21
19 22
19 23
19 63
19 97
20 23
20 24
20 80
20 90
20 32
20 49
21 22
21 25
21 62
21 92
21 42
22 26
22 37
22 77
23 24
23 25
23 27
23 78
23 95
23 75
23 29
23 44
23 46
24 26
24 27
24 82
25 28
25 55
25 52
25 30
26 27
26 28
26 29
26 44
26 43
27 30
27 32
27 36
27 96
27 66
28 30
28 58
28 78
29 30
29 33
29 51
29 31
30 33
30 40
30 94
30 66
30 60
30 90
30 88
30 82
31 32
31 39
31 54
31 68
32 33
32 41
32 58
32 62
32 88
33 34
33 35
33 36
33 85
33 39
34 36
34 38
34 79
35 36
35 39
35 49
35 72
36 38
36 39
36 40
36 95
37 38
37 40
37 41
37 93
37 99
37 88
37 90
38 39
38 40
38 41
38 42
39 41
39 43
39 83
39 64
39 62
40 41
40 43
40 46
40 64
40 51
40 81
41 42
41 43
41 45
41 76
41 67
41 98
42 43
42 44
42 45
42 89
42 75
43 44
43 45
43 47
43 88
44 96
44 65
44 49
45 46
45 48
45 61
45 52
46 50
46 72
47 48
47 49
47 50
47 51
47 89
48 49
48 50
48 51
48 52
49 50
49 51
49 59
50 52
50 53
50 54
50 69
50 56
51 55
51 73
51 74
51 70
52 54
52 55
52 70
52 94
53 54
53 55
53 56
53 57
54 55
54 57
54 58
54 68
54 83
55 56
55 57
55 59
55 90
55 67
56 57
56 98
56 61
57 58
57 59
57 60
57 61
58 61
58 62
59 60
59 62
59 93
59 84
60 63
60 64
61 63
61 65
62 64
62 66
62 73
63 64
63 65
63 66
63 67
64 67
64 68
65 66
65 67
65 69
66 67
66 68
66 70
66 87
66 84
66 85
67 68
67 77
68 69
68 71
68 72
68 78
69 71
69 72
69 73
69 75
70 71
70 72
70 80
71 72
71 74
71 75
71 92
72 74
72 82
73 74
73 75
73 76
73 77
74 75
74 76
74 77
74 78
74 79
74 82
75 76
75 77
75 78
76 78
76 79
76 80
77 80
77 81
77 91
78 80
79 82
79 83
80 81
80 82
80 83
80 84
80 90
81 82
81 83
81 84
81 85
82 83
82 85
83 86
84 86
84 87
85 91
85 93
86 87
86 88
86 90
87 88
87 91
87 89
88 89
88 91
89 92
89 93
90 93
91 92
91 93
91 94
91 98
92 94
92 95
92 96
93 95
93 96
93 97
94 96
94 97
94 98
95 96
95 98
96 97
96 99
97 99
98 99
