0	15
0	231
0	370
0	409
0	432
0	526
0	561
0	584
0	608
0	621
0	625
0	664
0	769
0	814
0	854
0	888
0	968
1	29
1	55
1	72
1	248
1	268
1	294
1	395
1	427
1	514
1	650
1	733
1	786
1	923
2	148
2	320
2	371
2	374
2	433
2	468
2	490
2	505
2	517
2	536
2	588
2	600
2	624
2	658
2	718
2	749
2	755
2	775
5	8
5	16
5	25
5	51
5	67
5	76
5	90
5	113
5	117
5	152
5	161
5	185
5	197
5	203
5	224
5	226
5	228
5	233
5	236
5	261
5	270
5	273
5	274
5	306
5	307
5	309
5	315
5	328
5	332
5	341
5	342
5	345
5	363
5	368
5	372
5	374
5	385
5	391
5	433
5	442
5	449
5	490
5	491
5	498
5	505
5	506
5	509
5	516
5	517
5	529
5	536
5	545
5	555
5	581
5	583
5	586
5	587
5	599
5	600
5	603
5	614
5	615
5	642
5	661
5	668
5	674
5	683
5	698
5	711
5	718
5	723
5	736
5	748
5	752
5	755
5	760
5	762
5	766
5	795
5	800
5	810
5	845
5	846
5	857
5	867
5	884
5	889
5	898
5	918
5	920
5	927
5	928
5	933
5	946
5	952
5	961
5	990
5	992
6	277
8	67
8	317
8	341
8	342
8	374
8	385
8	391
8	491
8	498
8	505
8	509
8	517
8	577
8	581
8	587
8	600
8	644
8	661
8	674
8	706
8	736
8	766
8	776
8	802
8	840
8	898
8	927
8	961
8	992
13	25
13	84
13	144
13	177
13	189
13	270
13	351
13	446
13	544
13	549
13	558
13	679
13	738
13	743
13	798
13	911
13	935
14	54
14	65
14	136
14	422
14	446
14	473
14	617
14	743
14	861
14	941
15	58
15	231
15	311
15	357
15	370
15	409
15	423
15	432
15	526
15	537
15	561
15	562
15	579
15	582
15	584
15	608
15	621
15	625
15	637
15	664
15	794
15	854
15	968
15	972
16	113
16	148
16	307
16	309
16	363
16	371
16	374
16	433
16	477
16	479
16	490
16	491
16	498
16	505
16	536
16	581
16	600
16	624
16	644
16	658
16	661
16	674
16	693
16	706
16	718
16	749
16	755
16	775
16	776
16	917
16	961
19	66
19	113
19	185
19	197
19	273
19	274
19	306
19	317
19	345
19	347
19	374
19	385
19	391
19	442
19	449
19	491
19	509
19	517
19	587
19	642
19	674
19	736
19	766
19	810
19	927
19	928
19	933
19	961
23	224
24	118
24	168
24	230
24	343
24	389
24	410
24	488
24	606
24	631
24	713
24	741
24	756
24	771
24	930
25	45
25	54
25	73
25	84
25	117
25	136
25	154
25	161
25	177
25	185
25	189
25	197
25	224
25	236
25	237
25	240
25	259
25	270
25	274
25	281
25	283
25	308
25	328
25	342
25	345
25	356
25	368
25	372
25	387
25	391
25	422
25	441
25	442
25	446
25	447
25	449
25	473
25	506
25	509
25	516
25	544
25	549
25	554
25	555
25	586
25	599
25	603
25	617
25	642
25	668
25	679
25	708
25	723
25	736
25	738
25	743
25	748
25	752
25	762
25	766
25	798
25	845
25	861
25	876
25	885
25	889
25	898
25	899
25	911
25	920
25	928
25	933
25	946
25	952
25	959
25	966
25	990
25	992
27	272
27	699
29	55
29	72
29	171
29	248
29	268
29	294
29	395
29	427
29	514
29	650
29	727
29	733
29	786
29	923
33	50
33	66
33	176
33	306
33	332
33	385
33	391
33	655
33	674
33	887
33	896
35	274
35	442
35	889
37	316
37	330
37	464
37	585
37	865
37	902
37	934
40	65
40	351
40	446
40	617
40	814
40	941
41	54
41	117
41	161
41	198
41	368
41	422
41	846
44	72
44	183
44	234
44	248
44	349
44	523
44	727
45	117
45	154
45	161
45	177
45	189
45	197
45	270
45	274
45	283
45	298
45	328
45	345
45	368
45	441
45	442
45	449
45	473
45	509
45	516
45	544
45	555
45	603
45	642
45	679
45	711
45	736
45	743
45	752
45	762
45	845
45	861
45	876
45	899
45	911
45	920
45	928
45	933
45	946
45	952
45	966
45	990
45	992
50	67
50	306
50	391
50	810
50	917
50	961
51	113
51	161
51	198
51	203
51	224
51	226
51	233
51	273
51	283
51	285
51	307
51	315
51	328
51	345
51	348
51	363
51	368
51	433
51	449
51	491
51	498
51	505
51	529
51	545
51	599
51	623
51	683
51	711
51	723
51	731
51	748
51	752
51	755
51	762
51	766
51	775
51	795
51	800
51	846
51	885
51	920
51	927
51	933
51	959
51	960
51	992
52	377
52	705
52	852
54	76
54	117
54	136
54	154
54	161
54	189
54	197
54	198
54	205
54	224
54	270
54	281
54	283
54	368
54	422
54	441
54	442
54	447
54	473
54	544
54	555
54	603
54	617
54	642
54	752
54	762
54	800
54	845
54	846
54	861
54	885
54	920
54	952
55	268
55	294
55	395
55	427
55	514
55	650
55	733
55	786
55	923
56	120
58	320
58	322
58	467
58	582
58	717
58	794
58	854
58	921
65	154
65	177
65	199
65	351
65	422
65	446
65	480
65	544
65	617
65	743
65	751
65	805
65	814
65	861
65	941
66	274
66	306
66	317
66	345
66	358
66	385
66	391
66	509
66	517
66	614
66	674
66	711
66	736
66	748
66	810
66	896
66	961
67	113
67	226
67	261
67	273
67	306
67	307
67	309
67	328
67	341
67	342
67	374
67	385
67	391
67	433
67	442
67	491
67	498
67	505
67	509
67	517
67	536
67	543
67	587
67	600
67	644
67	658
67	661
67	674
67	711
67	736
67	766
67	776
67	810
67	927
67	961
67	992
71	309
71	498
71	543
71	587
71	795
71	857
71	952
71	992
72	248
72	268
72	294
72	349
72	733
72	786
72	923
73	177
73	189
73	197
73	253
73	270
73	274
73	283
73	345
73	441
73	442
73	449
73	473
73	516
73	544
73	555
73	642
73	679
73	736
73	762
73	810
73	876
73	928
73	933
73	946
73	990
74	548
74	565
74	878
76	90
76	113
76	117
76	152
76	197
76	224
76	233
76	274
76	283
76	306
76	345
76	368
76	372
76	391
76	442
76	449
76	491
76	506
76	509
76	516
76	545
76	555
76	603
76	642
76	707
76	711
76	736
76	748
76	752
76	762
76	766
76	783
76	795
76	800
76	810
76	845
76	861
76	885
76	889
76	927
76	928
76	933
76	946
76	959
76	961
76	992
83	100
83	327
84	117
84	154
84	177
84	185
84	189
84	197
84	236
84	240
84	259
84	270
84	274
84	342
84	345
84	387
84	422
84	441
84	442
84	446
84	449
84	473
84	480
84	516
84	544
84	549
84	554
84	555
84	642
84	679
84	736
84	738
84	739
84	743
84	752
84	762
84	798
84	845
84	861
84	876
84	899
84	911
84	928
84	933
84	946
84	966
84	990
85	126
87	800
87	846
88	209
90	177
90	189
90	197
90	233
90	270
90	273
90	274
90	345
90	368
90	385
90	391
90	441
90	442
90	449
90	473
90	491
90	498
90	506
90	509
90	516
90	544
90	554
90	555
90	587
90	642
90	679
90	711
90	736
90	752
90	762
90	766
90	810
90	876
90	889
90	898
90	927
90	928
90	933
90	946
90	952
90	961
93	375
93	853
93	874
93	929
96	568
100	282
100	753
100	873
101	141
101	417
101	482
101	601
102	774
113	203
113	224
113	226
113	233
113	273
113	306
113	307
113	309
113	315
113	345
113	363
113	368
113	374
113	385
113	391
113	433
113	442
113	449
113	490
113	491
113	498
113	505
113	509
113	516
113	517
113	529
113	536
113	545
113	555
113	581
113	587
113	600
113	603
113	614
113	615
113	642
113	644
113	658
113	661
113	674
113	683
113	711
113	723
113	736
113	748
113	752
113	755
113	766
113	775
113	795
113	800
113	810
113	846
113	884
113	920
113	927
113	928
113	933
113	961
113	992
115	772
116	123
117	136
117	154
117	161
117	177
117	189
117	197
117	198
117	224
117	233
117	236
117	240
117	254
117	259
117	270
117	274
117	283
117	328
117	342
117	345
117	368
117	372
117	387
117	391
117	422
117	441
117	442
117	446
117	449
117	473
117	506
117	509
117	516
117	544
117	545
117	549
117	554
117	555
117	586
117	599
117	603
117	617
117	642
117	668
117	677
117	679
117	723
117	736
117	743
117	748
117	752
117	762
117	766
117	782
117	795
117	800
117	805
117	845
117	846
117	857
117	861
117	872
117	876
117	885
117	889
117	899
117	920
117	928
117	933
117	946
117	952
117	966
117	990
117	992
118	168
118	343
118	389
118	395
118	410
118	488
118	606
118	631
118	713
118	741
118	756
118	771
118	930
123	335
123	605
127	169
127	275
127	280
127	646
128	432
130	795
136	154
136	159
136	161
136	177
136	189
136	197
136	270
136	281
136	283
136	345
136	368
136	422
136	441
136	446
136	473
136	516
136	544
136	555
136	617
136	642
136	723
136	743
136	752
136	762
136	805
136	861
136	876
136	899
136	911
136	920
136	928
136	933
136	941
136	946
136	966
136	990
139	365
141	417
141	482
141	601
142	586
144	317
144	558
144	877
147	281
148	203
148	226
148	234
148	273
148	307
148	309
148	363
148	371
148	374
148	405
148	433
148	468
148	477
148	479
148	490
148	491
148	498
148	505
148	523
148	529
148	536
148	581
148	588
148	600
148	624
148	644
148	658
148	661
148	683
148	693
148	706
148	718
148	749
148	755
148	775
148	776
148	961
149	422
150	169
150	646
150	872
151	281
151	861
152	203
152	261
152	274
152	306
152	332
152	341
152	385
152	391
152	442
152	449
152	505
152	509
152	577
152	674
152	736
152	748
152	766
152	845
152	889
152	898
152	927
152	933
153	770
154	161
154	177
154	189
154	197
154	198
154	236
154	237
154	240
154	270
154	281
154	283
154	345
154	351
154	368
154	387
154	422
154	441
154	442
154	446
154	449
154	473
154	480
154	516
154	544
154	549
154	555
154	586
154	603
154	617
154	642
154	736
154	738
154	743
154	748
154	752
154	762
154	783
154	805
154	845
154	858
154	861
154	876
154	885
154	899
154	911
154	928
154	933
154	941
154	946
154	952
154	959
154	966
154	990
156	198
156	422
158	509
159	161
159	198
159	205
159	368
159	446
159	473
159	805
159	846
159	856
159	861
159	920
161	177
161	189
161	197
161	198
161	205
161	233
161	236
161	270
161	328
161	345
161	368
161	372
161	422
161	441
161	442
161	449
161	473
161	506
161	509
161	516
161	544
161	545
161	549
161	555
161	586
161	603
161	642
161	668
161	723
161	736
161	743
161	748
161	752
161	762
161	795
161	800
161	845
161	846
161	857
161	861
161	876
161	885
161	889
161	899
161	911
161	920
161	927
161	928
161	933
161	938
161	946
161	952
161	966
161	990
161	992
163	192
163	860
165	885
166	189
166	197
166	270
166	342
166	345
166	442
166	509
166	554
166	736
168	343
168	410
168	488
168	606
168	631
168	713
168	756
168	771
168	808
168	818
169	275
169	646
169	725
171	176
171	268
171	294
171	733
171	786
171	923
175	626
176	293
176	655
176	817
176	887
176	896
176	936
177	185
177	189
177	197
177	236
177	237
177	240
177	259
177	270
177	274
177	281
177	283
177	345
177	351
177	368
177	372
177	387
177	422
177	441
177	442
177	446
177	449
177	473
177	480
177	506
177	516
177	544
177	549
177	554
177	555
177	586
177	603
177	642
177	679
177	708
177	723
177	736
177	738
177	739
177	743
177	748
177	752
177	762
177	785
177	798
177	805
177	845
177	861
177	876
177	885
177	899
177	911
177	928
177	933
177	941
177	946
177	959
177	966
177	990
180	244
180	608
180	968
183	219
183	234
183	468
183	523
183	588
183	624
183	658
183	727
183	749
183	775
184	566
184	873
184	955
185	189
185	197
185	236
185	259
185	270
185	274
185	317
185	328
185	342
185	345
185	347
185	368
185	391
185	441
185	442
185	449
185	473
185	491
185	506
185	509
185	516
185	549
185	554
185	555
185	603
185	642
185	679
185	736
185	738
185	743
185	748
185	752
185	762
185	766
185	845
185	861
185	876
185	898
185	899
185	911
185	927
185	928
185	933
185	938
185	946
185	952
185	959
185	966
185	990
185	992
187	199
187	311
187	480
187	526
187	814
187	941
187	972
188	300
189	197
189	236
189	237
189	240
189	259
189	270
189	274
189	283
189	298
189	308
189	317
189	328
189	342
189	345
189	351
189	368
189	372
189	387
189	391
189	422
189	441
189	442
189	446
189	447
189	449
189	473
189	506
189	509
189	516
189	544
189	549
189	554
189	555
189	586
189	603
189	617
189	642
189	668
189	679
189	723
189	736
189	738
189	739
189	743
189	748
189	752
189	762
189	798
189	805
189	857
189	861
189	876
189	889
189	898
189	899
189	911
189	927
189	928
189	933
189	946
189	952
189	966
189	990
189	992
192	860
193	323
194	274
194	317
194	428
194	517
194	558
194	577
194	736
194	747
194	802
194	928
197	224
197	233
197	236
197	237
197	240
197	254
197	259
197	270
197	274
197	283
197	298
197	308
197	328
197	342
197	345
197	368
197	372
197	387
197	391
197	422
197	441
197	442
197	446
197	447
197	449
197	473
197	481
197	506
197	509
197	516
197	544
197	549
197	554
197	555
197	586
197	587
197	599
197	603
197	642
197	668
197	679
197	698
197	711
197	723
197	736
197	738
197	743
197	748
197	752
197	762
197	766
197	783
197	795
197	800
197	805
197	845
197	857
197	858
197	861
197	876
197	885
197	889
197	898
197	899
197	911
197	920
197	927
197	928
197	933
197	938
197	946
197	952
197	959
197	966
197	990
197	992
198	205
198	212
198	224
198	281
198	283
198	285
198	368
198	413
198	422
198	475
198	481
198	547
198	555
198	563
198	642
198	723
198	731
198	762
198	782
198	846
198	858
198	861
198	876
198	885
198	920
198	946
198	966
199	311
199	351
199	480
199	526
199	738
199	814
199	941
199	972
201	219
201	234
201	588
201	727
203	226
203	228
203	233
203	261
203	273
203	306
203	307
203	309
203	328
203	332
203	341
203	345
203	348
203	363
203	368
203	371
203	374
203	385
203	391
203	433
203	442
203	449
203	490
203	491
203	498
203	505
203	509
203	517
203	529
203	536
203	545
203	581
203	587
203	599
203	600
203	614
203	615
203	658
203	661
203	674
203	683
203	706
203	711
203	718
203	736
203	748
203	755
203	760
203	766
203	775
203	795
203	800
203	810
203	845
203	884
203	889
203	920
203	927
203	928
203	933
203	961
203	992
205	212
205	368
205	422
205	441
205	442
205	473
205	723
205	762
205	846
205	861
205	885
205	920
207	509
209	214
209	774
211	303
211	490
211	867
211	962
212	281
212	283
212	422
212	473
212	500
212	563
212	861
212	876
212	885
213	808
213	818
215	611
219	234
219	468
219	523
219	588
219	624
219	718
219	749
221	737
221	792
223	753
224	226
224	254
224	274
224	283
224	306
224	328
224	334
224	342
224	345
224	356
224	368
224	391
224	413
224	422
224	433
224	436
224	442
224	449
224	473
224	481
224	506
224	545
224	555
224	599
224	603
224	614
224	642
224	711
224	736
224	752
224	762
224	766
224	800
224	845
224	846
224	858
224	885
224	920
224	952
224	990
224	992
225	320
226	233
226	261
226	273
226	306
226	307
226	309
226	328
226	332
226	347
226	348
226	363
226	368
226	374
226	385
226	391
226	405
226	433
226	442
226	490
226	491
226	498
226	505
226	509
226	517
226	529
226	536
226	581
226	587
226	599
226	600
226	624
226	644
226	658
226	661
226	683
226	698
226	706
226	711
226	718
226	723
226	736
226	749
226	755
226	766
226	775
226	776
226	800
226	810
226	920
226	927
226	961
226	992
228	296
228	304
228	345
228	486
228	604
228	614
228	615
228	736
228	748
228	760
228	845
228	884
228	933
230	488
230	606
231	311
231	432
231	438
231	526
231	528
231	537
231	562
231	579
231	582
231	584
231	608
231	625
231	637
231	664
231	732
231	794
231	814
231	854
231	968
231	972
233	261
233	273
233	283
233	306
233	307
233	309
233	315
233	328
233	332
233	345
233	347
233	348
233	363
233	368
233	372
233	374
233	385
233	391
233	433
233	442
233	449
233	473
233	490
233	491
233	498
233	505
233	506
233	509
233	516
233	517
233	529
233	545
233	555
233	581
233	587
233	599
233	600
233	603
233	642
233	661
233	674
233	683
233	698
233	711
233	723
233	736
233	748
233	752
233	755
233	762
233	766
233	795
233	800
233	810
233	846
233	861
233	876
233	889
233	920
233	927
233	928
233	933
233	946
233	952
233	961
233	990
233	992
234	468
234	523
234	588
234	624
234	718
234	727
234	749
236	259
236	270
236	342
236	345
236	368
236	372
236	422
236	441
236	442
236	449
236	473
236	516
236	544
236	545
236	549
236	554
236	555
236	586
236	587
236	603
236	642
236	668
236	723
236	736
236	743
236	748
236	752
236	762
236	795
236	845
236	857
236	861
236	876
236	884
236	889
236	898
236	899
236	911
236	927
236	928
236	933
236	938
236	946
236	952
236	966
236	990
236	992
237	270
237	345
237	422
237	473
237	642
237	743
237	762
237	861
237	876
237	899
237	911
237	946
237	990
240	270
240	345
240	372
240	387
240	441
240	442
240	462
240	516
240	544
240	555
240	586
240	642
240	736
240	743
240	762
240	861
240	876
240	899
240	911
240	928
240	933
240	946
240	966
243	319
243	325
243	905
244	561
244	608
248	268
248	294
248	427
248	650
248	733
248	786
248	923
251	311
251	526
253	622
254	328
254	342
254	368
254	391
254	433
254	442
254	473
254	506
254	509
254	554
254	555
254	587
254	603
254	642
254	736
254	752
254	766
254	800
254	857
254	858
254	927
254	952
254	992
255	609
259	270
259	274
259	328
259	342
259	345
259	387
259	391
259	441
259	442
259	449
259	473
259	516
259	544
259	549
259	554
259	555
259	586
259	603
259	642
259	679
259	723
259	736
259	739
259	743
259	752
259	762
259	861
259	889
259	898
259	899
259	927
259	928
259	933
259	938
259	946
259	952
259	966
259	990
259	992
261	273
261	274
261	306
261	307
261	309
261	328
261	332
261	341
261	374
261	385
261	391
261	433
261	442
261	479
261	490
261	491
261	498
261	505
261	509
261	517
261	529
261	577
261	581
261	583
261	587
261	600
261	661
261	670
261	674
261	706
261	711
261	718
261	736
261	748
261	766
261	776
261	810
261	889
261	898
261	927
261	933
261	938
261	961
261	992
264	701
268	294
268	395
268	427
268	650
268	727
268	733
268	786
268	923
270	274
270	283
270	298
270	308
270	328
270	342
270	345
270	368
270	372
270	387
270	391
270	422
270	441
270	442
270	446
270	447
270	449
270	473
270	506
270	509
270	516
270	544
270	545
270	549
270	554
270	555
270	583
270	586
270	599
270	603
270	642
270	668
270	677
270	679
270	723
270	736
270	738
270	739
270	743
270	747
270	748
270	752
270	762
270	766
270	798
270	845
270	857
270	861
270	876
270	889
270	898
270	899
270	911
270	927
270	928
270	933
270	938
270	946
270	952
270	966
270	990
270	992
272	699
272	849
273	306
273	307
273	309
273	332
273	341
273	345
273	347
273	363
273	374
273	385
273	391
273	433
273	449
273	490
273	491
273	498
273	505
273	509
273	517
273	529
273	536
273	581
273	587
273	600
273	644
273	658
273	661
273	674
273	683
273	693
273	706
273	711
273	718
273	736
273	748
273	749
273	755
273	766
273	775
273	795
273	810
273	920
273	927
273	928
273	933
273	961
273	992
274	283
274	306
274	312
274	317
274	328
274	341
274	342
274	345
274	368
274	372
274	385
274	387
274	391
274	422
274	441
274	442
274	447
274	449
274	473
274	491
274	506
274	509
274	516
274	517
274	544
274	554
274	555
274	586
274	587
274	599
274	603
274	642
274	674
274	679
274	711
274	723
274	736
274	743
274	747
274	748
274	752
274	762
274	766
274	800
274	810
274	845
274	861
274	876
274	885
274	889
274	898
274	899
274	911
274	927
274	928
274	933
274	938
274	946
274	952
274	961
274	990
274	992
275	280
275	646
278	561
278	888
278	968
280	646
281	283
281	345
281	356
281	368
281	372
281	422
281	441
281	473
281	555
281	642
281	711
281	743
281	762
281	785
281	800
281	858
281	861
281	876
281	885
281	911
281	928
281	946
282	291
282	753
282	955
283	306
283	315
283	345
283	368
283	372
283	391
283	422
283	441
283	442
283	449
283	473
283	500
283	506
283	509
283	516
283	544
283	555
283	599
283	603
283	642
283	707
283	711
283	723
283	736
283	743
283	752
283	762
283	800
283	810
283	846
283	858
283	861
283	876
283	885
283	911
283	920
283	928
283	933
283	946
283	966
283	990
285	368
285	846
285	920
290	725
291	327
291	753
291	879
292	368
292	603
292	800
292	846
293	655
293	887
294	395
294	427
294	514
294	650
294	733
294	786
294	923
296	304
296	486
296	615
296	756
298	345
298	473
298	516
298	679
298	739
298	946
300	331
303	867
303	962
304	486
304	615
304	760
306	307
306	309
306	315
306	317
306	328
306	332
306	341
306	345
306	368
306	372
306	374
306	385
306	391
306	433
306	442
306	449
306	458
306	479
306	490
306	491
306	498
306	505
306	506
306	509
306	517
306	522
306	529
306	577
306	581
306	587
306	599
306	600
306	614
306	661
306	674
306	683
306	695
306	698
306	706
306	711
306	718
306	736
306	748
306	755
306	760
306	766
306	776
306	800
306	810
306	889
306	896
306	898
306	917
306	927
306	928
306	933
306	961
307	309
307	328
307	332
307	341
307	345
307	363
307	368
307	371
307	372
307	374
307	385
307	391
307	433
307	442
307	479
307	490
307	491
307	498
307	505
307	509
307	517
307	529
307	536
307	545
307	581
307	586
307	587
307	600
307	624
307	642
307	644
307	658
307	661
307	674
307	683
307	698
307	706
307	711
307	718
307	736
307	748
307	755
307	766
307	775
307	776
307	795
307	800
307	810
307	889
307	920
307	927
307	928
307	933
307	961
307	962
307	992
308	345
308	473
308	516
308	554
308	642
308	736
308	899
308	927
308	928
308	933
308	946
308	952
308	990
308	992
309	332
309	341
309	363
309	371
309	374
309	385
309	433
309	479
309	490
309	491
309	498
309	505
309	509
309	517
309	529
309	536
309	545
309	581
309	587
309	600
309	624
309	644
309	658
309	661
309	674
309	683
309	693
309	706
309	711
309	718
309	748
309	749
309	755
309	766
309	775
309	795
309	927
309	933
309	961
309	992
311	526
311	528
311	562
311	608
311	625
311	637
311	814
311	854
311	972
312	342
312	391
312	736
315	367
315	368
315	433
315	442
315	498
315	545
315	603
315	711
315	723
315	752
315	766
315	800
315	810
315	846
315	917
315	920
316	464
316	902
317	341
317	345
317	385
317	391
317	442
317	509
317	517
317	558
317	577
317	587
317	674
317	736
317	747
317	802
317	927
317	928
317	961
319	325
319	905
320	468
320	588
320	718
320	749
322	467
322	717
322	921
325	905
327	663
327	753
327	879
328	341
328	342
328	345
328	356
328	368
328	391
328	422
328	433
328	442
328	447
328	449
328	473
328	491
328	498
328	506
328	509
328	516
328	554
328	555
328	583
328	586
328	587
328	599
328	603
328	642
328	677
328	679
328	698
328	711
328	723
328	736
328	748
328	752
328	762
328	766
328	795
328	800
328	846
328	861
328	889
328	898
328	899
328	920
328	927
328	928
328	933
328	938
328	946
328	952
328	961
328	966
328	990
328	992
332	341
332	385
332	391
332	442
332	449
332	491
332	498
332	505
332	517
332	529
332	577
332	674
332	711
332	736
332	766
332	889
332	927
332	961
334	992
337	476
340	927
341	342
341	345
341	374
341	385
341	391
341	442
341	479
341	490
341	491
341	498
341	505
341	509
341	517
341	529
341	577
341	583
341	587
341	615
341	661
341	670
341	674
341	687
341	711
341	736
341	748
341	760
341	766
341	867
341	884
341	889
341	898
341	927
341	928
341	933
341	938
341	961
341	992
342	345
342	368
342	391
342	422
342	442
342	447
342	449
342	473
342	506
342	509
342	516
342	541
342	554
342	555
342	583
342	586
342	587
342	603
342	642
342	668
342	723
342	736
342	748
342	752
342	762
342	766
342	857
342	889
342	898
342	899
342	927
342	928
342	933
342	938
342	946
342	952
342	961
342	990
342	992
343	389
343	410
343	488
343	606
343	631
343	713
343	741
343	756
343	771
343	930
345	347
345	368
345	372
345	385
345	391
345	422
345	441
345	442
345	449
345	473
345	491
345	498
345	505
345	506
345	509
345	516
345	529
345	530
345	544
345	545
345	549
345	554
345	555
345	583
345	586
345	587
345	599
345	603
345	615
345	642
345	668
345	674
345	679
345	683
345	711
345	723
345	736
345	743
345	748
345	752
345	760
345	762
345	766
345	795
345	800
345	810
345	845
345	857
345	858
345	861
345	876
345	884
345	885
345	889
345	896
345	898
345	899
345	911
345	920
345	927
345	928
345	933
345	938
345	946
345	952
345	959
345	961
345	966
345	990
345	992
347	374
347	433
347	449
347	491
347	509
347	517
347	766
347	927
348	363
348	368
348	405
348	433
348	461
348	623
348	683
348	711
348	755
348	775
348	800
348	846
348	920
350	869
351	446
351	480
351	544
351	617
351	738
351	743
351	798
351	805
351	814
351	861
351	941
356	368
356	422
356	461
356	599
356	711
356	846
356	858
357	409
357	421
357	562
357	968
358	500
358	711
363	371
363	374
363	405
363	433
363	468
363	490
363	491
363	498
363	505
363	529
363	536
363	581
363	600
363	624
363	644
363	658
363	661
363	683
363	693
363	718
363	749
363	755
363	766
363	775
363	800
367	395
367	545
367	923
368	372
368	391
368	413
368	422
368	433
368	441
368	442
368	449
368	461
368	473
368	481
368	491
368	498
368	506
368	509
368	516
368	544
368	545
368	554
368	555
368	586
368	587
368	599
368	603
368	623
368	642
368	677
368	683
368	698
368	711
368	723
368	736
368	743
368	748
368	752
368	762
368	766
368	795
368	800
368	810
368	845
368	846
368	857
368	858
368	861
368	876
368	885
368	889
368	899
368	911
368	913
368	920
368	927
368	928
368	933
368	946
368	952
368	959
368	961
368	966
368	990
368	992
370	432
370	608
370	664
371	374
371	433
371	490
371	498
371	505
371	522
371	529
371	536
371	545
371	581
371	600
371	624
371	658
371	661
371	674
371	706
371	718
371	749
371	755
371	775
371	917
372	385
372	391
372	441
372	442
372	473
372	498
372	506
372	509
372	516
372	544
372	545
372	554
372	555
372	586
372	587
372	599
372	603
372	642
372	668
372	679
372	711
372	723
372	736
372	748
372	752
372	762
372	766
372	785
372	795
372	800
372	810
372	845
372	857
372	861
372	876
372	889
372	899
372	911
372	920
372	927
372	928
372	933
372	946
372	962
372	990
372	992
374	385
374	391
374	405
374	433
374	442
374	490
374	491
374	498
374	505
374	509
374	517
374	522
374	529
374	536
374	543
374	581
374	587
374	600
374	614
374	624
374	644
374	658
374	661
374	674
374	683
374	698
374	706
374	711
374	718
374	749
374	755
374	766
374	775
374	776
374	795
374	800
374	810
374	927
374	961
374	992
375	396
375	874
376	971
377	692
377	705
378	433
385	391
385	433
385	442
385	449
385	458
385	479
385	490
385	491
385	498
385	505
385	509
385	516
385	517
385	522
385	529
385	583
385	587
385	600
385	642
385	661
385	670
385	674
385	683
385	706
385	711
385	718
385	736
385	748
385	766
385	810
385	889
385	896
385	898
385	927
385	928
385	933
385	946
385	961
387	441
387	442
387	446
387	473
387	516
387	544
387	549
387	554
387	642
387	679
387	736
387	739
387	743
387	762
387	798
387	861
387	899
387	911
387	928
387	946
387	966
389	410
389	488
389	606
389	631
389	713
389	756
389	771
391	433
391	442
391	449
391	458
391	473
391	491
391	498
391	505
391	506
391	509
391	516
391	517
391	529
391	545
391	554
391	555
391	583
391	586
391	587
391	599
391	603
391	615
391	642
391	674
391	698
391	711
391	723
391	736
391	747
391	748
391	752
391	760
391	762
391	766
391	795
391	800
391	810
391	858
391	884
391	889
391	896
391	898
391	899
391	927
391	928
391	933
391	938
391	946
391	952
391	961
391	990
391	992
395	427
395	514
395	650
395	733
395	786
395	923
401	598
401	873
401	955
405	433
405	468
405	536
405	581
405	600
405	624
405	658
405	661
405	718
405	749
405	755
405	775
408	774
409	432
409	608
409	664
409	888
409	968
410	488
410	606
410	631
410	713
410	741
410	756
410	771
410	930
413	547
413	846
413	858
417	601
421	423
421	621
421	769
421	888
421	968
422	441
422	442
422	446
422	447
422	449
422	473
422	506
422	516
422	544
422	549
422	555
422	603
422	617
422	642
422	723
422	731
422	736
422	743
422	748
422	752
422	762
422	782
422	783
422	805
422	845
422	846
422	858
422	861
422	876
422	885
422	899
422	911
422	920
422	928
422	933
422	946
422	952
422	959
422	966
422	990
422	992
423	584
424	626
427	650
427	733
427	786
427	923
432	526
432	528
432	561
432	562
432	608
432	621
432	625
432	664
432	854
432	888
432	906
432	968
433	442
433	461
433	490
433	491
433	498
433	505
433	509
433	517
433	529
433	536
433	543
433	545
433	581
433	587
433	599
433	600
433	603
433	614
433	624
433	644
433	658
433	661
433	674
433	683
433	698
433	706
433	711
433	718
433	749
433	755
433	766
433	775
433	795
433	800
433	810
433	846
433	858
433	920
433	927
433	961
433	992
438	608
438	625
438	854
441	442
441	446
441	449
441	473
441	480
441	506
441	509
441	516
441	544
441	549
441	554
441	555
441	586
441	603
441	617
441	642
441	679
441	723
441	736
441	738
441	739
441	743
441	748
441	752
441	762
441	805
441	845
441	861
441	876
441	889
441	896
441	899
441	911
441	920
441	928
441	933
441	941
441	946
441	952
441	959
441	966
441	990
441	992
442	447
442	449
442	473
442	491
442	498
442	506
442	509
442	516
442	544
442	545
442	549
442	554
442	555
442	583
442	586
442	587
442	599
442	603
442	615
442	642
442	674
442	677
442	679
442	698
442	711
442	723
442	736
442	743
442	747
442	748
442	752
442	760
442	762
442	766
442	783
442	795
442	800
442	810
442	845
442	857
442	861
442	876
442	884
442	885
442	889
442	896
442	898
442	899
442	911
442	920
442	927
442	928
442	933
442	938
442	946
442	952
442	959
442	961
442	966
442	990
442	992
444	887
446	473
446	480
446	544
446	549
446	617
446	679
446	738
446	739
446	743
446	762
446	798
446	805
446	861
446	876
446	899
446	911
446	941
446	946
446	966
446	990
447	473
447	509
447	516
447	555
447	642
447	679
447	723
447	743
447	752
447	762
447	928
447	946
447	952
449	473
449	491
449	498
449	506
449	509
449	516
449	544
449	554
449	555
449	586
449	603
449	642
449	679
449	683
449	711
449	723
449	736
449	743
449	748
449	752
449	762
449	766
449	783
449	795
449	800
449	810
449	845
449	861
449	876
449	884
449	885
449	889
449	896
449	898
449	899
449	911
449	920
449	927
449	928
449	933
449	946
449	952
449	959
449	966
449	990
449	992
458	517
458	674
458	810
458	961
460	536
460	644
460	658
461	599
461	711
461	846
464	585
464	865
464	902
467	710
467	912
467	921
468	477
468	523
468	536
468	588
468	600
468	624
468	658
468	661
468	693
468	718
468	749
468	755
468	773
468	775
471	930
473	506
473	509
473	516
473	544
473	549
473	554
473	555
473	586
473	599
473	603
473	642
473	679
473	686
473	711
473	723
473	736
473	738
473	739
473	743
473	748
473	752
473	762
473	766
473	800
473	805
473	845
473	861
473	872
473	876
473	885
473	899
473	911
473	920
473	927
473	928
473	933
473	946
473	952
473	959
473	966
473	990
473	992
476	533
477	600
477	624
477	658
477	718
477	749
477	775
479	490
479	491
479	498
479	505
479	517
479	577
479	581
479	600
479	624
479	661
479	674
479	706
479	718
479	799
479	961
480	731
480	738
480	743
480	805
480	814
480	861
480	911
480	935
480	941
480	966
480	990
481	762
481	858
481	861
482	601
486	615
486	760
488	606
488	631
488	713
488	741
488	756
488	771
488	930
490	491
490	498
490	505
490	517
490	529
490	536
490	581
490	587
490	600
490	624
490	644
490	658
490	661
490	674
490	683
490	693
490	706
490	711
490	718
490	749
490	755
490	766
490	775
490	776
490	927
490	961
491	498
491	505
491	506
491	509
491	516
491	517
491	522
491	529
491	536
491	581
491	583
491	587
491	600
491	603
491	614
491	642
491	644
491	658
491	661
491	674
491	683
491	706
491	711
491	718
491	736
491	748
491	755
491	766
491	775
491	795
491	800
491	802
491	810
491	884
491	889
491	898
491	920
491	927
491	928
491	933
491	946
491	961
491	992
496	686
498	505
498	506
498	509
498	516
498	517
498	522
498	529
498	536
498	545
498	581
498	587
498	600
498	603
498	614
498	615
498	624
498	642
498	644
498	658
498	661
498	674
498	683
498	698
498	706
498	711
498	718
498	723
498	736
498	748
498	752
498	755
498	760
498	766
498	775
498	776
498	795
498	800
498	810
498	857
498	884
498	889
498	898
498	917
498	920
498	927
498	928
498	933
498	938
498	961
498	992
500	555
500	707
500	711
500	800
500	810
504	854
505	509
505	517
505	529
505	536
505	545
505	581
505	587
505	600
505	615
505	624
505	644
505	658
505	661
505	670
505	674
505	683
505	693
505	706
505	711
505	718
505	736
505	748
505	749
505	755
505	760
505	766
505	775
505	795
505	867
505	884
505	889
505	898
505	927
505	933
505	961
505	992
506	509
506	516
506	554
506	555
506	586
506	603
506	642
506	711
506	723
506	736
506	748
506	752
506	762
506	766
506	800
506	810
506	861
506	889
506	896
506	899
506	920
506	927
506	928
506	933
506	946
506	952
506	992
509	516
509	517
509	529
509	554
509	555
509	581
509	583
509	586
509	587
509	599
509	600
509	603
509	614
509	615
509	642
509	644
509	661
509	670
509	674
509	679
509	683
509	698
509	706
509	711
509	723
509	736
509	748
509	752
509	760
509	762
509	766
509	795
509	800
509	810
509	845
509	857
509	861
509	876
509	884
509	889
509	898
509	899
509	913
509	920
509	927
509	928
509	933
509	938
509	946
509	952
509	959
509	961
509	990
509	992
514	650
514	733
514	786
514	923
516	544
516	545
516	549
516	554
516	555
516	583
516	586
516	587
516	603
516	642
516	679
516	711
516	723
516	736
516	739
516	743
516	748
516	752
516	762
516	766
516	795
516	800
516	810
516	845
516	857
516	861
516	876
516	884
516	889
516	898
516	899
516	911
516	920
516	927
516	928
516	933
516	938
516	946
516	952
516	959
516	966
516	990
516	992
517	529
517	536
517	577
517	581
517	587
517	600
517	644
517	658
517	661
517	674
517	706
517	711
517	718
517	736
517	747
517	748
517	749
517	755
517	766
517	775
517	776
517	802
517	810
517	823
517	927
517	961
522	674
522	711
522	810
522	961
523	588
523	624
523	693
523	775
526	528
526	562
526	579
526	582
526	584
526	608
526	621
526	625
526	637
526	664
526	732
526	814
526	854
526	968
526	972
528	608
529	536
529	545
529	581
529	587
529	600
529	614
529	624
529	658
529	661
529	674
529	683
529	698
529	706
529	711
529	718
529	736
529	748
529	755
529	766
529	775
529	810
529	884
529	920
529	927
529	928
529	933
529	961
529	992
530	711
530	736
530	911
530	928
530	946
536	581
536	587
536	588
536	600
536	624
536	644
536	658
536	661
536	683
536	693
536	706
536	718
536	749
536	755
536	775
536	776
536	961
537	562
537	608
537	625
541	687
541	736
543	587
543	795
543	800
543	857
543	992
544	549
544	554
544	555
544	586
544	603
544	617
544	642
544	679
544	736
544	739
544	743
544	752
544	762
544	798
544	805
544	845
544	861
544	876
544	889
544	899
544	911
544	928
544	933
544	941
544	946
544	952
544	966
544	990
545	555
545	586
545	603
545	642
545	683
545	711
545	736
545	748
545	752
545	762
545	766
545	795
545	800
545	810
545	845
545	846
545	861
545	884
545	889
545	918
545	920
545	928
545	933
545	962
545	992
548	878
549	554
549	555
549	583
549	642
549	679
549	736
549	738
549	739
549	743
549	762
549	798
549	861
549	876
549	899
549	911
549	928
549	933
549	946
549	966
549	990
554	555
554	586
554	587
554	603
554	642
554	679
554	723
554	736
554	743
554	748
554	762
554	766
554	802
554	857
554	861
554	876
554	889
554	898
554	899
554	911
554	927
554	928
554	933
554	938
554	946
554	952
554	966
554	990
554	992
555	586
555	603
555	642
555	679
555	711
555	723
555	736
555	743
555	748
555	752
555	762
555	766
555	783
555	795
555	800
555	805
555	810
555	845
555	858
555	861
555	876
555	884
555	885
555	889
555	899
555	911
555	920
555	927
555	928
555	933
555	946
555	952
555	959
555	966
555	990
555	992
558	738
558	877
558	978
561	608
561	854
561	906
561	968
562	579
562	582
562	584
562	608
562	621
562	625
562	637
562	664
562	769
562	794
562	854
562	968
562	972
566	569
569	937
577	670
577	674
577	687
577	747
577	776
577	898
579	625
579	854
579	972
581	587
581	600
581	624
581	644
581	658
581	661
581	674
581	683
581	693
581	706
581	711
581	718
581	749
581	755
581	766
581	775
581	776
581	927
581	961
582	584
582	625
582	854
582	972
583	670
583	677
583	679
583	736
583	766
583	889
583	898
583	927
583	933
583	938
583	992
584	608
584	621
584	625
584	664
584	794
584	854
584	968
585	902
586	587
586	603
586	642
586	668
586	723
586	736
586	748
586	752
586	762
586	766
586	795
586	845
586	857
586	861
586	867
586	876
586	884
586	889
586	898
586	899
586	911
586	927
586	928
586	933
586	938
586	946
586	952
586	962
586	966
586	990
586	992
587	600
587	603
587	642
587	644
587	658
587	661
587	674
587	683
587	706
587	711
587	736
587	748
587	752
587	755
587	762
587	766
587	776
587	795
587	800
587	802
587	810
587	857
587	889
587	898
587	927
587	928
587	933
587	938
587	946
587	952
587	961
587	992
588	600
588	624
588	658
588	661
588	718
588	749
588	775
588	823
595	774
598	873
598	955
599	603
599	642
599	698
599	711
599	723
599	736
599	748
599	762
599	766
599	800
599	846
599	920
599	927
599	952
599	961
599	992
600	624
600	644
600	658
600	661
600	674
600	683
600	693
600	706
600	718
600	749
600	755
600	766
600	775
600	776
600	927
600	961
603	642
603	711
603	723
603	736
603	748
603	752
603	762
603	766
603	795
603	800
603	810
603	845
603	846
603	857
603	858
603	861
603	876
603	885
603	889
603	899
603	911
603	920
603	927
603	928
603	933
603	946
603	952
603	961
603	966
603	990
603	992
604	615
604	760
606	631
606	713
606	741
606	756
606	771
606	930
607	749
607	773
608	621
608	625
608	637
608	664
608	794
608	814
608	854
608	888
608	968
608	972
610	680
611	840
614	615
614	674
614	711
614	736
614	766
614	884
615	711
615	736
615	748
615	760
615	766
615	884
615	889
615	898
615	933
615	992
617	762
617	861
617	941
619	756
621	664
621	769
621	854
621	888
621	968
622	810
623	800
623	846
624	644
624	658
624	661
624	693
624	706
624	718
624	749
624	755
624	773
624	775
624	776
625	637
625	664
625	732
625	794
625	854
625	968
625	972
631	713
631	741
631	756
631	771
631	930
634	829
635	971
636	756
637	854
637	968
637	972
642	668
642	674
642	679
642	698
642	711
642	723
642	736
642	743
642	748
642	752
642	762
642	766
642	795
642	800
642	810
642	845
642	857
642	858
642	861
642	876
642	884
642	885
642	889
642	898
642	899
642	911
642	920
642	927
642	928
642	933
642	938
642	946
642	952
642	959
642	961
642	966
642	990
642	992
644	658
644	661
644	706
644	718
644	749
644	755
644	766
644	775
644	776
644	823
644	840
644	961
646	725
647	774
650	733
650	786
650	923
658	661
658	683
658	693
658	706
658	718
658	749
658	755
658	775
658	776
658	961
660	682
661	674
661	683
661	706
661	711
661	718
661	749
661	755
661	766
661	775
661	776
661	927
661	961
663	753
663	879
664	794
664	854
664	888
664	968
664	972
668	736
668	748
668	857
668	933
668	952
668	992
670	736
670	889
670	898
670	938
674	683
674	706
674	711
674	718
674	736
674	748
674	766
674	776
674	810
674	884
674	889
674	898
674	927
674	928
674	933
674	961
677	679
677	766
677	889
678	831
679	730
679	736
679	738
679	739
679	743
679	747
679	762
679	845
679	861
679	876
679	889
679	899
679	911
679	928
679	933
679	946
679	952
679	966
679	990
679	992
683	706
683	711
683	718
683	748
683	755
683	766
683	775
683	795
683	800
683	810
683	846
683	920
683	927
683	928
683	933
683	961
683	992
686	952
687	747
693	718
693	749
693	755
693	775
698	711
698	736
698	766
698	800
698	810
698	933
698	961
698	992
706	718
706	749
706	755
706	766
706	775
706	776
706	927
706	961
708	738
708	743
708	845
708	861
708	876
708	899
708	911
708	946
708	990
709	865
709	902
710	994
711	723
711	736
711	748
711	752
711	755
711	760
711	762
711	766
711	800
711	810
711	846
711	858
711	889
711	896
711	917
711	920
711	927
711	928
711	933
711	946
711	961
711	992
712	875
713	741
713	756
713	771
713	930
717	921
718	749
718	755
718	775
718	776
718	961
722	808
722	818
723	736
723	743
723	748
723	752
723	762
723	766
723	800
723	810
723	845
723	846
723	861
723	876
723	885
723	889
723	899
723	920
723	927
723	928
723	933
723	946
723	952
723	966
723	990
723	992
731	752
731	846
731	861
731	876
731	959
732	854
733	786
733	923
736	743
736	747
736	748
736	752
736	760
736	762
736	766
736	795
736	800
736	802
736	810
736	845
736	857
736	861
736	876
736	884
736	885
736	889
736	896
736	898
736	899
736	911
736	920
736	927
736	928
736	933
736	938
736	946
736	952
736	961
736	966
736	990
736	992
737	792
738	739
738	743
738	762
738	798
738	861
738	876
738	899
738	911
738	928
738	935
738	941
738	946
738	990
739	743
739	799
739	861
739	876
739	899
739	911
739	928
739	941
739	946
739	966
739	990
741	756
741	771
743	752
743	762
743	798
743	805
743	845
743	861
743	876
743	899
743	911
743	928
743	933
743	941
743	946
743	952
743	959
743	966
743	990
747	802
747	898
747	928
747	946
748	752
748	760
748	762
748	766
748	795
748	800
748	845
748	857
748	861
748	867
748	876
748	884
748	889
748	896
748	898
748	899
748	911
748	920
748	927
748	928
748	933
748	938
748	946
748	952
748	961
748	962
748	990
748	992
749	755
749	775
749	776
749	823
751	814
752	762
752	766
752	795
752	800
752	810
752	845
752	846
752	857
752	858
752	861
752	876
752	884
752	885
752	889
752	899
752	911
752	920
752	927
752	928
752	933
752	946
752	952
752	959
752	966
752	990
752	992
753	879
755	766
755	775
755	800
755	846
755	961
756	771
756	930
760	766
760	884
760	889
760	898
760	927
760	933
760	992
762	766
762	783
762	795
762	800
762	805
762	810
762	845
762	846
762	857
762	861
762	876
762	885
762	889
762	896
762	898
762	899
762	911
762	920
762	927
762	928
762	933
762	938
762	946
762	952
762	959
762	966
762	990
762	992
766	776
766	795
766	800
766	810
766	857
766	884
766	889
766	898
766	920
766	927
766	928
766	933
766	938
766	946
766	952
766	961
766	992
769	968
771	930
774	813
775	961
776	917
776	961
782	861
783	885
785	876
785	911
785	946
786	923
794	854
794	968
795	800
795	845
795	857
795	861
795	884
795	889
795	920
795	927
795	928
795	933
795	946
795	952
795	961
795	992
798	911
800	810
800	846
800	861
800	885
800	920
800	927
800	928
800	933
800	952
800	961
800	992
802	927
802	961
805	861
805	876
805	899
805	911
805	941
805	946
805	966
805	990
808	818
810	889
810	896
810	917
810	927
810	928
810	933
810	946
810	961
812	825
814	941
814	972
845	861
845	876
845	884
845	885
845	899
845	911
845	920
845	928
845	933
845	946
845	959
845	966
845	990
845	992
846	858
846	861
846	885
846	920
846	992
853	874
854	968
854	972
857	861
857	889
857	898
857	927
857	928
857	933
857	938
857	952
857	992
858	885
858	990
861	872
861	876
861	885
861	899
861	911
861	920
861	928
861	933
861	941
861	946
861	952
861	959
861	966
861	990
861	992
865	902
867	933
867	962
867	992
873	900
873	955
876	885
876	896
876	899
876	911
876	920
876	928
876	933
876	946
876	952
876	959
876	966
876	990
884	889
884	927
884	928
884	933
884	992
885	928
885	933
885	946
885	990
887	896
887	936
888	968
889	896
889	898
889	927
889	928
889	933
889	938
889	946
889	952
889	961
889	992
895	948
896	928
896	933
896	946
898	927
898	928
898	933
898	938
898	946
898	952
898	961
898	992
899	911
899	927
899	928
899	933
899	946
899	952
899	959
899	966
899	990
899	992
900	955
911	928
911	933
911	946
911	966
911	990
912	921
913	992
920	927
920	928
920	933
920	946
920	952
920	959
920	990
920	992
927	928
927	933
927	938
927	946
927	952
927	961
927	990
927	992
928	933
928	938
928	946
928	952
928	959
928	966
928	990
928	992
933	938
933	946
933	952
933	959
933	961
933	962
933	966
933	990
933	992
938	946
938	952
938	992
941	966
946	952
946	959
946	966
946	990
946	992
952	966
952	990
952	992
959	990
961	992
966	990
966	992
990	992
