1	9
1	10
1	14
1	17
1	21
1	23
1	41
1	46
1	47
1	49
1	52
1	54
1	64
1	75
1	79
1	81
1	91
1	119
1	121
1	136
1	150
1	156
1	164
1	165
1	168
1	169
1	181
1	182
1	191
1	198
1	214
1	235
1	245
1	252
1	256
1	258
1	269
1	277
1	281
1	282
1	287
1	301
1	352
1	353
1	365
1	376
1	381
1	394
1	395
1	409
1	417
1	424
1	430
1	451
1	470
1	475
1	495
1	499
1	508
1	515
1	520
1	521
1	551
1	553
1	560
1	563
1	572
1	579
1	595
1	626
1	630
1	652
1	659
1	662
1	675
1	684
1	686
1	697
1	719
1	725
1	734
1	735
1	751
1	772
1	782
1	783
1	791
1	803
1	806
1	811
1	812
1	813
1	815
1	832
1	836
1	844
1	847
1	848
1	852
1	871
1	872
1	875
1	904
1	916
1	922
1	925
1	937
1	942
1	945
1	949
1	950
1	951
1	957
1	964
1	970
1	973
1	974
1	982
1	987
1	998
3	24
3	37
3	56
3	82
3	88
3	109
3	115
3	122
3	123
3	133
3	174
3	178
3	184
3	186
3	213
3	242
3	255
3	265
3	300
3	305
3	319
3	326
3	330
3	344
3	346
3	382
3	406
3	410
3	411
3	420
3	471
3	485
3	550
3	613
3	634
3	649
3	712
3	716
3	744
3	780
3	816
3	825
3	834
3	849
3	882
3	897
3	902
3	915
3	934
3	971
3	976
3	995
3	997
6	24
6	37
6	56
6	109
6	115
6	120
6	123
6	133
6	174
6	178
6	184
6	186
6	213
6	242
6	255
6	265
6	300
6	305
6	316
6	319
6	344
6	406
6	410
6	411
6	420
6	471
6	485
6	550
6	613
6	634
6	649
6	716
6	744
6	780
6	816
6	882
6	915
6	934
6	971
6	976
9	10
9	14
9	17
9	21
9	23
9	30
9	41
9	46
9	47
9	49
9	54
9	64
9	75
9	79
9	81
9	91
9	119
9	121
9	136
9	150
9	156
9	164
9	165
9	169
9	181
9	182
9	191
9	198
9	205
9	210
9	214
9	224
9	235
9	245
9	252
9	256
9	258
9	269
9	281
9	282
9	287
9	301
9	329
9	352
9	365
9	381
9	394
9	395
9	402
9	409
9	422
9	430
9	443
9	451
9	470
9	475
9	499
9	508
9	515
9	521
9	551
9	553
9	560
9	563
9	572
9	579
9	595
9	630
9	651
9	652
9	659
9	662
9	675
9	677
9	684
9	686
9	697
9	719
9	725
9	734
9	735
9	751
9	761
9	772
9	782
9	783
9	791
9	803
9	806
9	811
9	812
9	813
9	815
9	832
9	836
9	844
9	847
9	848
9	851
9	852
9	856
9	871
9	872
9	875
9	886
9	922
9	925
9	937
9	942
9	945
9	949
9	950
9	951
9	964
9	970
9	973
9	982
9	984
9	987
9	998
10	14
10	17
10	21
10	23
10	41
10	46
10	47
10	49
10	52
10	54
10	64
10	75
10	79
10	81
10	82
10	88
10	91
10	119
10	121
10	122
10	136
10	143
10	150
10	156
10	164
10	165
10	168
10	169
10	182
10	191
10	198
10	205
10	210
10	214
10	235
10	245
10	252
10	256
10	258
10	266
10	269
10	276
10	277
10	281
10	282
10	287
10	301
10	329
10	352
10	365
10	376
10	381
10	394
10	395
10	402
10	409
10	430
10	438
10	443
10	451
10	459
10	470
10	475
10	487
10	499
10	508
10	515
10	520
10	521
10	551
10	553
10	560
10	563
10	572
10	579
10	595
10	616
10	630
10	652
10	656
10	659
10	662
10	675
10	684
10	686
10	697
10	719
10	725
10	734
10	735
10	751
10	754
10	772
10	782
10	791
10	803
10	806
10	811
10	812
10	813
10	815
10	824
10	832
10	836
10	839
10	844
10	847
10	848
10	851
10	852
10	856
10	862
10	868
10	871
10	872
10	875
10	886
10	904
10	922
10	925
10	937
10	942
10	945
10	949
10	950
10	951
10	957
10	964
10	970
10	973
10	974
10	982
10	984
10	986
10	987
10	998
12	168
12	214
12	264
12	297
12	327
12	394
12	573
12	663
12	942
12	950
12	957
12	973
14	17
14	21
14	23
14	30
14	41
14	46
14	47
14	49
14	54
14	62
14	64
14	75
14	79
14	81
14	91
14	119
14	121
14	136
14	150
14	151
14	156
14	164
14	165
14	169
14	181
14	182
14	191
14	198
14	205
14	210
14	214
14	235
14	245
14	252
14	256
14	258
14	269
14	276
14	281
14	282
14	287
14	301
14	329
14	352
14	365
14	381
14	394
14	395
14	402
14	409
14	422
14	430
14	443
14	451
14	470
14	475
14	499
14	508
14	515
14	521
14	551
14	553
14	560
14	563
14	572
14	579
14	595
14	652
14	659
14	662
14	675
14	684
14	686
14	697
14	719
14	725
14	734
14	735
14	751
14	761
14	772
14	782
14	783
14	791
14	806
14	811
14	812
14	813
14	815
14	832
14	836
14	844
14	847
14	848
14	851
14	852
14	871
14	872
14	875
14	886
14	922
14	925
14	937
14	942
14	945
14	949
14	950
14	951
14	964
14	970
14	973
14	982
14	984
14	998
16	183
17	21
17	23
17	30
17	41
17	46
17	47
17	49
17	52
17	54
17	62
17	64
17	75
17	79
17	81
17	91
17	111
17	119
17	121
17	136
17	150
17	156
17	164
17	165
17	168
17	169
17	173
17	182
17	191
17	198
17	214
17	223
17	235
17	245
17	252
17	256
17	258
17	269
17	281
17	282
17	287
17	301
17	352
17	353
17	365
17	381
17	394
17	395
17	402
17	409
17	424
17	430
17	443
17	451
17	459
17	470
17	475
17	499
17	504
17	508
17	515
17	520
17	521
17	551
17	553
17	560
17	563
17	572
17	579
17	595
17	630
17	638
17	652
17	659
17	662
17	675
17	684
17	686
17	697
17	719
17	725
17	734
17	735
17	750
17	751
17	754
17	761
17	772
17	778
17	782
17	783
17	791
17	803
17	806
17	811
17	812
17	813
17	815
17	832
17	836
17	839
17	844
17	847
17	848
17	851
17	852
17	856
17	871
17	872
17	875
17	886
17	904
17	922
17	925
17	937
17	942
17	945
17	949
17	950
17	951
17	957
17	964
17	970
17	973
17	974
17	982
17	984
17	986
17	987
17	998
21	23
21	30
21	41
21	46
21	47
21	49
21	52
21	54
21	62
21	64
21	79
21	81
21	91
21	111
21	119
21	121
21	136
21	143
21	150
21	156
21	164
21	165
21	168
21	169
21	173
21	182
21	191
21	198
21	208
21	214
21	223
21	235
21	245
21	252
21	256
21	258
21	264
21	266
21	269
21	281
21	282
21	287
21	301
21	352
21	353
21	381
21	394
21	395
21	402
21	418
21	430
21	438
21	443
21	451
21	459
21	470
21	475
21	487
21	499
21	515
21	520
21	521
21	551
21	553
21	560
21	563
21	572
21	579
21	595
21	616
21	638
21	652
21	656
21	659
21	662
21	684
21	686
21	697
21	719
21	725
21	734
21	735
21	750
21	751
21	754
21	772
21	778
21	782
21	783
21	791
21	803
21	806
21	811
21	812
21	813
21	815
21	832
21	836
21	839
21	844
21	847
21	848
21	851
21	852
21	856
21	871
21	872
21	875
21	886
21	922
21	925
21	942
21	945
21	948
21	949
21	950
21	951
21	957
21	964
21	970
21	973
21	974
21	982
21	984
21	986
21	987
21	998
23	41
23	47
23	49
23	54
23	64
23	75
23	79
23	81
23	91
23	119
23	121
23	136
23	150
23	156
23	164
23	165
23	169
23	182
23	191
23	198
23	210
23	214
23	245
23	252
23	256
23	258
23	269
23	281
23	282
23	287
23	301
23	352
23	381
23	394
23	395
23	409
23	430
23	451
23	470
23	475
23	499
23	508
23	515
23	521
23	551
23	553
23	560
23	563
23	572
23	579
23	595
23	630
23	652
23	659
23	662
23	684
23	697
23	719
23	725
23	734
23	735
23	751
23	772
23	811
23	812
23	813
23	815
23	832
23	836
23	844
23	847
23	848
23	852
23	856
23	871
23	872
23	875
23	922
23	925
23	937
23	942
23	945
23	949
23	950
23	951
23	964
23	970
23	973
23	982
23	987
23	998
24	37
24	42
24	56
24	69
24	82
24	83
24	85
24	88
24	105
24	109
24	115
24	120
24	123
24	127
24	133
24	141
24	168
24	174
24	178
24	184
24	186
24	188
24	192
24	193
24	213
24	229
24	232
24	242
24	250
24	255
24	262
24	265
24	300
24	305
24	314
24	316
24	319
24	326
24	327
24	330
24	335
24	337
24	344
24	346
24	369
24	375
24	382
24	406
24	407
24	410
24	411
24	419
24	420
24	435
24	464
24	471
24	485
24	550
24	574
24	585
24	593
24	598
24	613
24	616
24	628
24	634
24	639
24	649
24	656
24	663
24	680
24	692
24	694
24	712
24	716
24	744
24	753
24	758
24	780
24	793
24	816
24	818
24	824
24	825
24	834
24	849
24	859
24	868
24	882
24	897
24	900
24	902
24	915
24	929
24	934
24	955
24	971
24	976
24	985
24	995
24	997
25	65
25	762
30	47
30	49
30	54
30	79
30	91
30	119
30	121
30	150
30	164
30	165
30	169
30	182
30	191
30	214
30	235
30	245
30	252
30	256
30	258
30	269
30	281
30	381
30	394
30	430
30	451
30	475
30	499
30	521
30	551
30	553
30	560
30	572
30	659
30	662
30	684
30	697
30	719
30	725
30	734
30	735
30	772
30	811
30	812
30	813
30	848
30	872
30	875
30	922
30	925
30	937
30	942
30	945
30	949
30	950
30	951
30	970
30	973
30	982
30	987
36	626
37	42
37	56
37	64
37	69
37	82
37	83
37	85
37	88
37	101
37	105
37	109
37	115
37	120
37	123
37	127
37	129
37	133
37	141
37	168
37	174
37	178
37	184
37	186
37	188
37	192
37	193
37	213
37	229
37	232
37	242
37	250
37	255
37	262
37	265
37	279
37	300
37	305
37	314
37	316
37	319
37	326
37	327
37	330
37	335
37	337
37	344
37	346
37	369
37	375
37	382
37	406
37	407
37	410
37	411
37	419
37	420
37	435
37	464
37	471
37	485
37	488
37	534
37	550
37	566
37	574
37	585
37	593
37	598
37	606
37	613
37	616
37	628
37	634
37	639
37	649
37	656
37	663
37	680
37	692
37	694
37	712
37	716
37	729
37	744
37	753
37	758
37	780
37	793
37	816
37	818
37	822
37	824
37	825
37	834
37	849
37	859
37	868
37	882
37	897
37	900
37	902
37	915
37	929
37	934
37	955
37	971
37	974
37	976
37	985
37	995
37	997
41	47
41	49
41	54
41	64
41	75
41	79
41	81
41	91
41	119
41	121
41	136
41	150
41	156
41	164
41	165
41	169
41	181
41	182
41	191
41	198
41	214
41	224
41	235
41	245
41	252
41	256
41	258
41	269
41	281
41	282
41	287
41	301
41	352
41	356
41	365
41	381
41	394
41	395
41	402
41	409
41	422
41	430
41	451
41	475
41	499
41	508
41	515
41	521
41	551
41	553
41	560
41	563
41	572
41	579
41	595
41	630
41	652
41	659
41	662
41	684
41	686
41	697
41	719
41	725
41	734
41	735
41	751
41	772
41	783
41	791
41	811
41	812
41	813
41	815
41	832
41	836
41	837
41	844
41	847
41	848
41	851
41	852
41	856
41	871
41	872
41	875
41	922
41	925
41	937
41	942
41	945
41	949
41	950
41	951
41	964
41	970
41	973
41	982
41	984
41	998
42	56
42	69
42	83
42	105
42	109
42	115
42	120
42	123
42	133
42	141
42	174
42	178
42	184
42	186
42	188
42	192
42	213
42	229
42	242
42	250
42	255
42	265
42	300
42	305
42	314
42	316
42	319
42	326
42	335
42	344
42	346
42	375
42	382
42	406
42	407
42	410
42	411
42	419
42	420
42	464
42	471
42	485
42	550
42	585
42	593
42	598
42	613
42	628
42	634
42	639
42	649
42	680
42	692
42	694
42	712
42	716
42	744
42	753
42	758
42	780
42	816
42	818
42	825
42	834
42	868
42	882
42	902
42	915
42	929
42	934
42	971
42	976
42	995
42	997
46	49
46	54
46	64
46	79
46	80
46	91
46	111
46	119
46	121
46	136
46	150
46	156
46	164
46	165
46	168
46	169
46	182
46	191
46	214
46	245
46	252
46	256
46	258
46	269
46	281
46	282
46	301
46	381
46	394
46	402
46	407
46	430
46	443
46	451
46	475
46	487
46	520
46	521
46	539
46	551
46	553
46	559
46	560
46	563
46	572
46	595
46	635
46	652
46	659
46	662
46	672
46	684
46	697
46	719
46	725
46	734
46	735
46	754
46	772
46	782
46	791
46	803
46	811
46	812
46	813
46	815
46	832
46	836
46	839
46	847
46	848
46	852
46	856
46	871
46	872
46	875
46	922
46	925
46	939
46	942
46	945
46	949
46	950
46	951
46	957
46	970
46	973
46	974
46	987
46	998
47	54
47	64
47	75
47	79
47	81
47	83
47	91
47	102
47	119
47	121
47	132
47	136
47	150
47	156
47	164
47	165
47	168
47	182
47	191
47	214
47	235
47	245
47	247
47	252
47	256
47	258
47	269
47	271
47	277
47	282
47	287
47	297
47	301
47	352
47	381
47	394
47	395
47	409
47	417
47	430
47	443
47	451
47	472
47	475
47	495
47	499
47	504
47	508
47	515
47	521
47	551
47	553
47	563
47	572
47	579
47	593
47	595
47	630
47	646
47	652
47	656
47	657
47	662
47	684
47	686
47	690
47	697
47	719
47	725
47	734
47	735
47	750
47	772
47	791
47	811
47	812
47	813
47	815
47	832
47	836
47	844
47	848
47	872
47	922
47	925
47	937
47	945
47	949
47	951
47	964
47	970
47	973
47	982
47	998
49	54
49	64
49	75
49	79
49	81
49	91
49	116
49	119
49	121
49	136
49	150
49	156
49	164
49	165
49	169
49	181
49	182
49	191
49	198
49	205
49	214
49	235
49	245
49	252
49	256
49	258
49	269
49	281
49	282
49	301
49	353
49	365
49	381
49	394
49	395
49	402
49	409
49	430
49	451
49	470
49	475
49	499
49	515
49	521
49	551
49	553
49	560
49	563
49	572
49	579
49	626
49	652
49	659
49	662
49	675
49	684
49	697
49	719
49	725
49	734
49	735
49	751
49	761
49	772
49	783
49	806
49	811
49	812
49	813
49	815
49	832
49	836
49	847
49	848
49	852
49	871
49	872
49	875
49	922
49	925
49	937
49	942
49	945
49	949
49	950
49	951
49	964
49	970
49	973
49	982
49	984
49	987
49	998
52	54
52	64
52	79
52	88
52	91
52	119
52	121
52	122
52	150
52	164
52	165
52	169
52	182
52	191
52	223
52	245
52	252
52	256
52	258
52	266
52	287
52	301
52	353
52	365
52	381
52	394
52	443
52	451
52	475
52	521
52	551
52	553
52	560
52	572
52	579
52	652
52	662
52	697
52	719
52	725
52	734
52	735
52	754
52	772
52	812
52	815
52	832
52	847
52	848
52	862
52	871
52	872
52	875
52	925
52	942
52	945
52	949
52	950
52	951
52	964
52	970
52	973
52	974
52	984
52	987
52	998
53	141
53	879
54	62
54	64
54	75
54	79
54	81
54	91
54	119
54	121
54	136
54	150
54	151
54	156
54	164
54	165
54	169
54	181
54	182
54	191
54	198
54	205
54	214
54	224
54	235
54	245
54	252
54	256
54	258
54	269
54	281
54	282
54	287
54	301
54	329
54	352
54	365
54	381
54	394
54	395
54	402
54	409
54	422
54	430
54	443
54	451
54	459
54	470
54	473
54	475
54	499
54	508
54	515
54	521
54	551
54	553
54	560
54	563
54	572
54	579
54	595
54	630
54	651
54	652
54	659
54	662
54	675
54	677
54	684
54	686
54	697
54	719
54	725
54	734
54	735
54	751
54	754
54	761
54	772
54	782
54	783
54	791
54	803
54	806
54	811
54	812
54	813
54	815
54	832
54	836
54	839
54	844
54	847
54	848
54	851
54	852
54	856
54	871
54	872
54	875
54	886
54	904
54	922
54	925
54	937
54	942
54	945
54	949
54	950
54	951
54	957
54	964
54	970
54	973
54	974
54	982
54	984
54	986
54	987
54	998
56	64
56	69
56	82
56	83
56	85
56	88
56	105
56	109
56	115
56	120
56	123
56	127
56	129
56	133
56	141
56	168
56	174
56	178
56	184
56	186
56	188
56	192
56	193
56	213
56	229
56	232
56	242
56	250
56	255
56	262
56	265
56	279
56	300
56	305
56	314
56	316
56	319
56	326
56	327
56	330
56	335
56	337
56	344
56	346
56	369
56	375
56	382
56	406
56	407
56	410
56	411
56	419
56	420
56	435
56	464
56	471
56	485
56	531
56	550
56	574
56	585
56	593
56	598
56	613
56	616
56	628
56	634
56	639
56	649
56	656
56	663
56	680
56	692
56	694
56	712
56	716
56	729
56	744
56	753
56	758
56	780
56	793
56	816
56	818
56	824
56	825
56	834
56	849
56	859
56	864
56	868
56	879
56	882
56	897
56	900
56	902
56	915
56	929
56	934
56	955
56	971
56	974
56	976
56	985
56	995
56	997
57	105
57	410
57	997
62	79
62	119
62	121
62	165
62	182
62	198
62	256
62	258
62	281
62	381
62	394
62	451
62	475
62	521
62	551
62	553
62	560
62	572
62	662
62	697
62	719
62	735
62	751
62	832
62	848
62	872
62	925
62	945
62	949
62	950
62	970
62	973
62	974
62	984
64	69
64	79
64	80
64	81
64	82
64	83
64	91
64	105
64	109
64	115
64	119
64	122
64	123
64	133
64	143
64	150
64	156
64	164
64	165
64	168
64	174
64	182
64	184
64	186
64	191
64	210
64	213
64	214
64	235
64	242
64	245
64	250
64	252
64	255
64	256
64	258
64	269
64	277
64	279
64	281
64	282
64	297
64	300
64	301
64	327
64	352
64	353
64	365
64	381
64	394
64	395
64	406
64	410
64	417
64	420
64	424
64	451
64	472
64	475
64	485
64	499
64	508
64	520
64	521
64	551
64	553
64	560
64	563
64	572
64	579
64	585
64	593
64	595
64	598
64	616
64	630
64	634
64	652
64	656
64	659
64	662
64	663
64	684
64	694
64	697
64	712
64	716
64	719
64	725
64	734
64	735
64	750
64	758
64	772
64	780
64	791
64	811
64	812
64	813
64	816
64	824
64	832
64	836
64	844
64	847
64	848
64	852
64	859
64	868
64	872
64	875
64	902
64	904
64	915
64	916
64	922
64	925
64	934
64	937
64	942
64	945
64	949
64	950
64	951
64	957
64	964
64	970
64	973
64	974
64	982
64	987
64	997
64	998
65	743
65	762
65	861
69	82
69	83
69	88
69	105
69	109
69	115
69	120
69	123
69	133
69	141
69	168
69	174
69	178
69	184
69	186
69	188
69	213
69	242
69	250
69	255
69	265
69	300
69	305
69	316
69	319
69	326
69	330
69	335
69	344
69	346
69	375
69	382
69	406
69	410
69	411
69	419
69	420
69	464
69	471
69	485
69	550
69	585
69	593
69	598
69	613
69	616
69	634
69	639
69	649
69	656
69	680
69	692
69	694
69	712
69	716
69	744
69	753
69	758
69	780
69	816
69	818
69	824
69	825
69	834
69	849
69	868
69	882
69	897
69	900
69	902
69	915
69	929
69	934
69	971
69	976
69	995
69	997
75	79
75	81
75	91
75	119
75	121
75	136
75	150
75	156
75	164
75	165
75	169
75	181
75	182
75	191
75	214
75	245
75	252
75	256
75	258
75	269
75	281
75	301
75	329
75	365
75	381
75	394
75	395
75	402
75	409
75	430
75	451
75	470
75	475
75	499
75	515
75	521
75	551
75	553
75	560
75	563
75	572
75	579
75	651
75	659
75	662
75	675
75	684
75	697
75	719
75	725
75	734
75	735
75	761
75	772
75	783
75	791
75	806
75	811
75	812
75	813
75	815
75	832
75	836
75	844
75	847
75	852
75	871
75	872
75	886
75	922
75	925
75	937
75	942
75	945
75	949
75	951
75	970
75	973
75	982
75	984
75	998
79	81
79	91
79	119
79	121
79	136
79	143
79	150
79	151
79	156
79	164
79	165
79	168
79	169
79	173
79	181
79	182
79	191
79	198
79	205
79	210
79	214
79	223
79	224
79	235
79	245
79	252
79	256
79	258
79	266
79	269
79	276
79	277
79	281
79	282
79	287
79	301
79	329
79	334
79	352
79	353
79	365
79	376
79	381
79	394
79	395
79	402
79	409
79	424
79	430
79	438
79	443
79	451
79	459
79	470
79	475
79	499
79	504
79	508
79	515
79	520
79	521
79	551
79	553
79	560
79	563
79	572
79	579
79	595
79	630
79	638
79	651
79	652
79	659
79	662
79	675
79	677
79	684
79	686
79	697
79	719
79	725
79	734
79	735
79	750
79	751
79	754
79	761
79	772
79	778
79	782
79	783
79	791
79	803
79	806
79	811
79	812
79	813
79	815
79	832
79	836
79	839
79	844
79	847
79	848
79	851
79	852
79	856
79	862
79	871
79	872
79	875
79	886
79	904
79	922
79	925
79	937
79	942
79	945
79	949
79	950
79	951
79	957
79	964
79	970
79	973
79	974
79	982
79	984
79	986
79	987
79	998
80	164
80	168
80	182
80	282
80	297
80	327
80	394
80	417
80	472
80	573
80	630
80	656
80	750
80	942
80	949
80	973
80	987
81	91
81	119
81	121
81	136
81	150
81	156
81	164
81	165
81	182
81	191
81	198
81	210
81	235
81	245
81	252
81	256
81	258
81	269
81	277
81	281
81	287
81	301
81	329
81	352
81	365
81	381
81	395
81	409
81	430
81	443
81	451
81	470
81	475
81	499
81	508
81	521
81	551
81	553
81	560
81	563
81	572
81	579
81	630
81	652
81	662
81	684
81	697
81	719
81	725
81	734
81	735
81	751
81	772
81	782
81	791
81	803
81	811
81	812
81	813
81	815
81	832
81	836
81	844
81	847
81	871
81	872
81	875
81	925
81	937
81	942
81	945
81	949
81	951
81	964
81	970
81	973
81	982
82	88
82	105
82	109
82	115
82	120
82	123
82	133
82	141
82	168
82	174
82	178
82	184
82	186
82	213
82	242
82	250
82	255
82	265
82	300
82	305
82	316
82	319
82	326
82	327
82	330
82	335
82	344
82	346
82	375
82	382
82	406
82	410
82	411
82	419
82	420
82	471
82	485
82	550
82	585
82	598
82	613
82	616
82	634
82	639
82	649
82	656
82	663
82	680
82	692
82	694
82	712
82	716
82	744
82	753
82	758
82	780
82	816
82	818
82	824
82	825
82	834
82	849
82	868
82	882
82	897
82	900
82	902
82	915
82	929
82	934
82	971
82	974
82	976
82	995
82	997
83	88
83	105
83	109
83	115
83	120
83	123
83	132
83	133
83	168
83	174
83	178
83	184
83	186
83	188
83	192
83	213
83	242
83	247
83	255
83	265
83	277
83	291
83	300
83	305
83	314
83	316
83	319
83	326
83	335
83	337
83	344
83	375
83	382
83	406
83	410
83	411
83	417
83	419
83	420
83	464
83	471
83	472
83	485
83	488
83	495
83	550
83	585
83	593
83	606
83	612
83	613
83	616
83	628
83	634
83	639
83	649
83	656
83	657
83	680
83	690
83	692
83	694
83	712
83	716
83	750
83	753
83	758
83	769
83	780
83	816
83	818
83	822
83	832
83	834
83	859
83	882
83	902
83	915
83	929
83	934
83	971
83	976
83	995
83	997
85	109
85	115
85	120
85	123
85	133
85	174
85	178
85	184
85	186
85	213
85	242
85	255
85	300
85	319
85	335
85	382
85	410
85	420
85	471
85	485
85	550
85	649
85	753
85	780
85	816
85	818
85	882
85	915
85	934
85	976
86	992
88	105
88	109
88	115
88	120
88	122
88	123
88	133
88	168
88	174
88	178
88	182
88	184
88	186
88	213
88	242
88	255
88	256
88	258
88	265
88	266
88	300
88	305
88	319
88	326
88	330
88	335
88	344
88	375
88	382
88	406
88	407
88	410
88	411
88	419
88	420
88	464
88	471
88	485
88	487
88	550
88	553
88	585
88	613
88	616
88	634
88	649
88	680
88	694
88	712
88	716
88	753
88	758
88	780
88	815
88	816
88	818
88	824
88	834
88	849
88	862
88	882
88	902
88	915
88	929
88	934
88	971
88	974
88	976
88	985
88	995
91	119
91	121
91	136
91	150
91	156
91	164
91	165
91	168
91	169
91	182
91	191
91	198
91	210
91	214
91	235
91	245
91	252
91	256
91	258
91	266
91	269
91	277
91	281
91	282
91	287
91	301
91	352
91	365
91	376
91	381
91	394
91	395
91	402
91	409
91	424
91	430
91	438
91	443
91	451
91	459
91	470
91	475
91	495
91	499
91	504
91	508
91	515
91	521
91	551
91	553
91	560
91	563
91	572
91	579
91	595
91	630
91	638
91	652
91	657
91	659
91	662
91	675
91	684
91	686
91	697
91	719
91	725
91	734
91	735
91	750
91	751
91	754
91	772
91	783
91	791
91	806
91	811
91	812
91	813
91	815
91	832
91	836
91	839
91	844
91	847
91	848
91	852
91	856
91	862
91	871
91	872
91	875
91	886
91	922
91	925
91	937
91	942
91	945
91	949
91	950
91	951
91	957
91	964
91	970
91	973
91	974
91	982
91	984
91	986
91	998
101	115
101	300
101	780
102	132
102	247
102	271
102	352
102	417
102	495
102	508
102	646
102	657
102	686
102	690
102	844
102	937
105	109
105	115
105	120
105	123
105	127
105	133
105	141
105	174
105	178
105	184
105	186
105	188
105	192
105	193
105	213
105	232
105	242
105	250
105	255
105	265
105	300
105	305
105	314
105	316
105	319
105	326
105	327
105	335
105	337
105	344
105	346
105	375
105	382
105	406
105	410
105	411
105	419
105	420
105	435
105	464
105	471
105	485
105	488
105	550
105	574
105	585
105	593
105	598
105	606
105	613
105	616
105	626
105	628
105	634
105	639
105	649
105	656
105	663
105	680
105	692
105	694
105	712
105	716
105	744
105	753
105	758
105	780
105	809
105	816
105	818
105	822
105	824
105	825
105	834
105	849
105	859
105	868
105	882
105	897
105	900
105	902
105	915
105	929
105	934
105	955
105	971
105	974
105	976
105	985
105	995
105	997
108	141
108	282
108	386
108	435
108	638
108	850
108	879
108	948
108	980
109	115
109	120
109	123
109	127
109	133
109	141
109	168
109	174
109	178
109	184
109	186
109	188
109	192
109	193
109	213
109	229
109	232
109	242
109	250
109	255
109	265
109	300
109	305
109	314
109	316
109	319
109	326
109	327
109	330
109	335
109	337
109	344
109	346
109	375
109	382
109	406
109	407
109	410
109	411
109	419
109	420
109	435
109	464
109	471
109	485
109	550
109	574
109	585
109	593
109	598
109	613
109	616
109	628
109	634
109	639
109	649
109	656
109	663
109	680
109	692
109	694
109	712
109	716
109	729
109	744
109	753
109	758
109	780
109	816
109	818
109	824
109	825
109	834
109	849
109	859
109	868
109	882
109	897
109	900
109	902
109	915
109	929
109	934
109	955
109	971
109	974
109	976
109	985
109	995
109	997
111	214
111	282
111	394
111	407
111	451
111	487
111	560
111	635
111	659
111	697
111	735
111	750
111	754
111	803
111	847
111	848
111	875
111	942
111	950
111	970
111	973
115	120
115	123
115	127
115	129
115	133
115	141
115	168
115	174
115	178
115	184
115	186
115	188
115	192
115	193
115	213
115	229
115	232
115	242
115	250
115	255
115	262
115	265
115	279
115	300
115	305
115	314
115	316
115	319
115	326
115	327
115	330
115	335
115	337
115	344
115	346
115	369
115	375
115	382
115	406
115	407
115	410
115	411
115	419
115	420
115	435
115	464
115	471
115	485
115	531
115	550
115	574
115	585
115	593
115	598
115	613
115	616
115	628
115	634
115	639
115	649
115	656
115	663
115	680
115	692
115	694
115	712
115	716
115	729
115	744
115	753
115	758
115	780
115	793
115	816
115	818
115	822
115	824
115	825
115	834
115	849
115	859
115	868
115	882
115	897
115	900
115	902
115	915
115	929
115	934
115	955
115	971
115	974
115	976
115	985
115	995
115	997
116	121
116	258
116	394
116	430
116	499
116	521
116	684
116	735
116	973
119	121
119	136
119	143
119	150
119	156
119	164
119	165
119	168
119	169
119	173
119	182
119	191
119	198
119	205
119	208
119	214
119	235
119	245
119	252
119	256
119	258
119	266
119	269
119	281
119	282
119	287
119	301
119	352
119	353
119	365
119	381
119	394
119	395
119	402
119	409
119	430
119	443
119	451
119	459
119	470
119	475
119	499
119	508
119	515
119	520
119	521
119	551
119	553
119	560
119	563
119	572
119	579
119	595
119	652
119	659
119	662
119	675
119	684
119	686
119	697
119	719
119	725
119	734
119	735
119	750
119	751
119	754
119	761
119	772
119	778
119	782
119	783
119	791
119	803
119	806
119	811
119	812
119	813
119	815
119	832
119	836
119	839
119	844
119	847
119	848
119	851
119	852
119	856
119	862
119	871
119	872
119	875
119	886
119	904
119	922
119	925
119	937
119	942
119	945
119	949
119	950
119	951
119	957
119	964
119	970
119	973
119	974
119	982
119	984
119	986
119	987
119	998
120	123
120	127
120	133
120	141
120	174
120	178
120	184
120	186
120	188
120	192
120	193
120	213
120	232
120	242
120	250
120	255
120	262
120	265
120	300
120	305
120	314
120	316
120	319
120	326
120	327
120	330
120	331
120	335
120	337
120	344
120	346
120	369
120	375
120	382
120	406
120	410
120	411
120	419
120	420
120	464
120	471
120	485
120	488
120	550
120	585
120	593
120	598
120	606
120	613
120	616
120	628
120	634
120	639
120	649
120	656
120	680
120	692
120	694
120	712
120	716
120	744
120	753
120	758
120	780
120	793
120	816
120	818
120	824
120	825
120	834
120	849
120	859
120	868
120	882
120	900
120	902
120	915
120	929
120	934
120	955
120	971
120	976
120	985
120	995
120	997
121	136
121	150
121	156
121	164
121	165
121	169
121	181
121	182
121	191
121	198
121	214
121	223
121	235
121	245
121	252
121	256
121	258
121	269
121	281
121	282
121	287
121	301
121	352
121	353
121	365
121	381
121	394
121	395
121	402
121	430
121	443
121	451
121	470
121	475
121	499
121	515
121	520
121	521
121	551
121	553
121	560
121	563
121	572
121	579
121	595
121	651
121	652
121	659
121	662
121	675
121	681
121	684
121	686
121	697
121	719
121	725
121	734
121	735
121	750
121	751
121	754
121	761
121	772
121	782
121	783
121	791
121	806
121	811
121	812
121	813
121	815
121	832
121	836
121	839
121	844
121	847
121	848
121	851
121	852
121	856
121	862
121	871
121	872
121	875
121	886
121	922
121	925
121	937
121	942
121	945
121	949
121	950
121	951
121	964
121	970
121	973
121	974
121	982
121	984
121	986
121	987
121	998
122	168
122	255
122	266
122	330
122	591
122	774
122	849
122	902
122	934
122	974
123	127
123	133
123	141
123	168
123	174
123	178
123	184
123	186
123	188
123	192
123	193
123	213
123	229
123	232
123	242
123	250
123	255
123	265
123	297
123	300
123	305
123	314
123	316
123	319
123	326
123	327
123	330
123	335
123	337
123	344
123	346
123	369
123	375
123	382
123	406
123	407
123	410
123	411
123	419
123	420
123	435
123	464
123	471
123	485
123	550
123	573
123	574
123	585
123	593
123	598
123	613
123	616
123	628
123	634
123	639
123	649
123	656
123	663
123	680
123	692
123	694
123	712
123	716
123	729
123	744
123	753
123	758
123	780
123	816
123	818
123	824
123	825
123	834
123	849
123	859
123	868
123	882
123	897
123	900
123	902
123	915
123	929
123	934
123	955
123	971
123	974
123	976
123	985
123	995
123	997
125	298
127	133
127	174
127	178
127	184
127	186
127	213
127	242
127	255
127	265
127	300
127	314
127	319
127	326
127	335
127	344
127	375
127	382
127	406
127	410
127	411
127	419
127	420
127	471
127	485
127	550
127	613
127	628
127	634
127	639
127	649
127	680
127	753
127	758
127	780
127	816
127	818
127	834
127	882
127	915
127	929
127	934
127	971
127	995
129	133
129	184
129	186
129	242
129	300
129	420
129	471
129	485
129	780
129	816
129	882
129	934
132	247
132	271
132	277
132	291
132	352
132	417
132	424
132	495
132	508
132	593
132	612
132	630
132	646
132	657
132	686
132	690
132	750
132	769
132	822
132	832
132	844
132	949
133	141
133	168
133	174
133	178
133	184
133	186
133	188
133	192
133	193
133	213
133	229
133	232
133	242
133	250
133	255
133	262
133	265
133	279
133	300
133	305
133	314
133	316
133	318
133	319
133	326
133	327
133	330
133	335
133	337
133	344
133	346
133	369
133	375
133	382
133	406
133	407
133	410
133	411
133	419
133	420
133	435
133	464
133	471
133	485
133	531
133	550
133	574
133	585
133	593
133	598
133	613
133	616
133	628
133	634
133	639
133	649
133	656
133	663
133	680
133	692
133	694
133	712
133	716
133	729
133	744
133	753
133	758
133	780
133	793
133	816
133	818
133	824
133	825
133	834
133	849
133	859
133	868
133	882
133	897
133	900
133	902
133	915
133	929
133	934
133	955
133	971
133	974
133	976
133	985
133	995
133	997
136	150
136	151
136	156
136	164
136	165
136	169
136	182
136	191
136	198
136	214
136	223
136	235
136	245
136	252
136	256
136	258
136	269
136	281
136	282
136	287
136	301
136	352
136	365
136	381
136	394
136	395
136	402
136	409
136	430
136	451
136	470
136	473
136	475
136	499
136	508
136	521
136	551
136	553
136	560
136	563
136	572
136	579
136	595
136	652
136	659
136	662
136	675
136	684
136	686
136	697
136	719
136	725
136	734
136	735
136	751
136	772
136	782
136	783
136	791
136	806
136	811
136	812
136	813
136	815
136	832
136	836
136	839
136	844
136	847
136	848
136	852
136	856
136	871
136	872
136	875
136	922
136	925
136	937
136	942
136	945
136	949
136	950
136	951
136	964
136	970
136	973
136	982
136	984
136	998
141	168
141	174
141	178
141	184
141	186
141	213
141	242
141	255
141	264
141	265
141	282
141	300
141	305
141	319
141	326
141	330
141	335
141	344
141	375
141	382
141	386
141	392
141	406
141	407
141	410
141	411
141	419
141	420
141	435
141	438
141	450
141	464
141	471
141	485
141	487
141	533
141	550
141	585
141	598
141	613
141	616
141	634
141	639
141	649
141	663
141	680
141	692
141	694
141	712
141	716
141	744
141	753
141	758
141	780
141	793
141	816
141	818
141	825
141	834
141	850
141	864
141	868
141	879
141	882
141	900
141	902
141	915
141	929
141	934
141	948
141	971
141	976
141	980
141	995
141	997
143	168
143	182
143	214
143	245
143	252
143	256
143	258
143	266
143	282
143	381
143	394
143	451
143	551
143	553
143	560
143	572
143	659
143	697
143	719
143	734
143	735
143	847
143	852
143	875
143	925
143	942
143	950
143	970
143	973
143	974
148	307
148	581
150	151
150	156
150	164
150	165
150	168
150	169
150	173
150	181
150	182
150	191
150	198
150	205
150	210
150	214
150	223
150	224
150	235
150	245
150	252
150	256
150	258
150	266
150	269
150	276
150	277
150	281
150	282
150	287
150	301
150	329
150	352
150	365
150	376
150	381
150	394
150	395
150	402
150	409
150	424
150	430
150	443
150	451
150	459
150	470
150	475
150	495
150	499
150	504
150	508
150	515
150	520
150	521
150	551
150	553
150	560
150	563
150	572
150	579
150	595
150	630
150	638
150	651
150	652
150	659
150	662
150	675
150	677
150	684
150	686
150	697
150	719
150	725
150	734
150	735
150	750
150	751
150	754
150	761
150	772
150	782
150	783
150	791
150	803
150	806
150	811
150	812
150	813
150	815
150	832
150	836
150	839
150	844
150	847
150	848
150	851
150	852
150	856
150	862
150	871
150	872
150	875
150	886
150	904
150	922
150	925
150	937
150	942
150	945
150	949
150	950
150	951
150	957
150	964
150	970
150	973
150	974
150	982
150	984
150	986
150	987
150	998
151	198
151	258
151	281
151	381
151	430
151	475
151	563
151	572
151	751
151	813
151	872
154	189
154	814
154	946
156	164
156	165
156	169
156	182
156	191
156	198
156	205
156	210
156	214
156	224
156	235
156	245
156	252
156	256
156	258
156	269
156	277
156	281
156	282
156	287
156	301
156	352
156	365
156	381
156	394
156	395
156	402
156	409
156	417
156	422
156	424
156	430
156	451
156	470
156	475
156	495
156	499
156	504
156	508
156	515
156	521
156	551
156	553
156	560
156	563
156	572
156	579
156	595
156	630
156	638
156	652
156	657
156	659
156	662
156	675
156	684
156	686
156	697
156	719
156	725
156	734
156	735
156	750
156	751
156	772
156	782
156	791
156	806
156	811
156	812
156	813
156	815
156	832
156	836
156	839
156	844
156	847
156	848
156	852
156	856
156	871
156	872
156	875
156	886
156	922
156	925
156	937
156	942
156	945
156	949
156	950
156	951
156	964
156	970
156	973
156	982
156	998
157	344
157	997
164	165
164	168
164	169
164	181
164	182
164	191
164	198
164	205
164	210
164	214
164	235
164	245
164	252
164	256
164	258
164	266
164	269
164	276
164	277
164	281
164	282
164	287
164	301
164	329
164	352
164	353
164	365
164	376
164	381
164	394
164	395
164	402
164	409
164	417
164	424
164	430
164	443
164	451
164	470
164	472
164	475
164	495
164	499
164	508
164	515
164	520
164	521
164	551
164	553
164	560
164	563
164	572
164	579
164	595
164	630
164	652
164	656
164	657
164	659
164	662
164	675
164	684
164	686
164	697
164	719
164	725
164	734
164	735
164	750
164	751
164	772
164	782
164	791
164	803
164	806
164	811
164	812
164	813
164	815
164	824
164	832
164	836
164	839
164	844
164	847
164	848
164	851
164	852
164	856
164	871
164	872
164	875
164	886
164	904
164	922
164	925
164	937
164	942
164	945
164	949
164	950
164	951
164	957
164	964
164	970
164	973
164	974
164	982
164	984
164	987
164	998
165	168
165	169
165	182
165	191
165	198
165	205
165	210
165	214
165	224
165	235
165	245
165	252
165	256
165	258
165	266
165	269
165	276
165	277
165	281
165	282
165	287
165	301
165	352
165	365
165	376
165	381
165	394
165	395
165	402
165	409
165	422
165	424
165	430
165	443
165	451
165	459
165	470
165	475
165	481
165	495
165	499
165	508
165	515
165	520
165	521
165	551
165	553
165	560
165	563
165	572
165	579
165	595
165	630
165	652
165	657
165	659
165	662
165	675
165	684
165	686
165	697
165	719
165	725
165	734
165	735
165	751
165	754
165	772
165	782
165	783
165	791
165	803
165	806
165	811
165	812
165	813
165	815
165	832
165	836
165	844
165	847
165	848
165	851
165	852
165	856
165	871
165	872
165	875
165	886
165	922
165	925
165	937
165	942
165	945
165	949
165	950
165	951
165	964
165	970
165	973
165	974
165	982
165	984
165	987
165	998
168	169
168	173
168	174
168	178
168	182
168	184
168	186
168	191
168	193
168	208
168	213
168	214
168	242
168	245
168	252
168	255
168	256
168	258
168	264
168	282
168	297
168	300
168	301
168	305
168	316
168	319
168	327
168	330
168	335
168	344
168	352
168	381
168	382
168	394
168	406
168	407
168	410
168	411
168	417
168	420
168	435
168	443
168	451
168	471
168	472
168	475
168	485
168	520
168	521
168	550
168	551
168	553
168	560
168	563
168	572
168	573
168	585
168	593
168	595
168	598
168	613
168	616
168	630
168	634
168	649
168	652
168	656
168	659
168	662
168	663
168	684
168	692
168	694
168	697
168	712
168	716
168	719
168	725
168	734
168	735
168	744
168	750
168	753
168	754
168	758
168	772
168	780
168	793
168	811
168	812
168	813
168	815
168	816
168	818
168	824
168	832
168	844
168	847
168	848
168	849
168	852
168	859
168	868
168	872
168	875
168	879
168	882
168	900
168	902
168	915
168	922
168	925
168	934
168	942
168	945
168	949
168	950
168	951
168	957
168	970
168	971
168	973
168	974
168	976
168	982
168	987
168	995
168	998
169	173
169	182
169	191
169	198
169	214
169	223
169	235
169	245
169	252
169	256
169	258
169	269
169	281
169	282
169	287
169	301
169	352
169	381
169	394
169	402
169	418
169	430
169	438
169	443
169	451
169	475
169	499
169	515
169	520
169	521
169	551
169	553
169	560
169	563
169	572
169	579
169	638
169	652
169	659
169	662
169	684
169	697
169	719
169	725
169	734
169	735
169	750
169	751
169	754
169	761
169	772
169	778
169	783
169	791
169	806
169	811
169	812
169	813
169	815
169	832
169	836
169	839
169	844
169	847
169	848
169	852
169	856
169	871
169	872
169	875
169	886
169	922
169	925
169	942
169	945
169	949
169	950
169	951
169	957
169	964
169	970
169	973
169	974
169	982
169	984
169	986
169	987
169	998
173	214
173	245
173	256
173	258
173	297
173	381
173	394
173	443
173	451
173	553
173	560
173	572
173	659
173	684
173	697
173	719
173	735
173	815
173	872
173	875
173	925
173	942
173	949
173	950
173	951
173	970
173	973
173	987
174	178
174	184
174	186
174	188
174	192
174	193
174	213
174	229
174	232
174	242
174	250
174	255
174	265
174	300
174	305
174	314
174	316
174	319
174	326
174	327
174	330
174	335
174	337
174	344
174	346
174	369
174	375
174	382
174	406
174	407
174	410
174	411
174	419
174	420
174	435
174	464
174	471
174	485
174	531
174	550
174	574
174	585
174	593
174	598
174	613
174	616
174	628
174	634
174	639
174	649
174	656
174	663
174	680
174	692
174	694
174	712
174	716
174	729
174	744
174	753
174	758
174	780
174	793
174	816
174	818
174	824
174	825
174	834
174	849
174	859
174	868
174	882
174	897
174	900
174	902
174	915
174	929
174	934
174	955
174	971
174	974
174	976
174	985
174	995
174	997
178	184
178	186
178	188
178	192
178	193
178	213
178	229
178	232
178	242
178	250
178	255
178	265
178	300
178	305
178	314
178	316
178	319
178	326
178	327
178	330
178	335
178	337
178	344
178	346
178	375
178	382
178	406
178	407
178	410
178	411
178	419
178	420
178	435
178	464
178	471
178	485
178	531
178	550
178	574
178	585
178	593
178	598
178	613
178	616
178	628
178	634
178	639
178	649
178	656
178	663
178	680
178	692
178	694
178	712
178	716
178	729
178	744
178	753
178	758
178	780
178	793
178	816
178	818
178	824
178	825
178	834
178	849
178	859
178	868
178	882
178	897
178	900
178	902
178	915
178	929
178	934
178	955
178	971
178	974
178	976
178	985
178	995
178	997
179	380
181	191
181	214
181	245
181	256
181	258
181	269
181	281
181	381
181	430
181	451
181	475
181	499
181	521
181	551
181	553
181	560
181	563
181	572
181	651
181	684
181	697
181	719
181	734
181	735
181	811
181	812
181	813
181	844
181	847
181	872
181	925
181	937
181	945
181	951
181	970
181	973
182	191
182	198
182	214
182	223
182	235
182	245
182	252
182	256
182	258
182	266
182	269
182	277
182	281
182	282
182	287
182	297
182	301
182	352
182	353
182	365
182	381
182	394
182	395
182	402
182	417
182	424
182	430
182	438
182	443
182	451
182	470
182	475
182	495
182	499
182	508
182	515
182	520
182	521
182	551
182	553
182	560
182	563
182	572
182	579
182	595
182	616
182	626
182	630
182	638
182	652
182	656
182	659
182	662
182	675
182	684
182	686
182	697
182	719
182	725
182	734
182	735
182	750
182	751
182	754
182	772
182	778
182	783
182	791
182	806
182	811
182	812
182	813
182	815
182	824
182	832
182	836
182	839
182	844
182	847
182	848
182	852
182	856
182	871
182	872
182	875
182	886
182	922
182	925
182	937
182	942
182	945
182	949
182	950
182	951
182	957
182	964
182	970
182	973
182	974
182	982
182	984
182	987
182	998
184	186
184	188
184	192
184	193
184	213
184	229
184	232
184	242
184	250
184	255
184	262
184	265
184	279
184	300
184	305
184	314
184	316
184	319
184	326
184	327
184	330
184	335
184	337
184	344
184	346
184	369
184	375
184	382
184	406
184	407
184	410
184	411
184	419
184	420
184	435
184	464
184	471
184	485
184	531
184	550
184	574
184	585
184	593
184	598
184	613
184	616
184	628
184	634
184	639
184	649
184	656
184	663
184	680
184	692
184	694
184	712
184	716
184	729
184	744
184	753
184	758
184	780
184	789
184	793
184	816
184	818
184	824
184	825
184	834
184	849
184	859
184	868
184	882
184	897
184	900
184	902
184	915
184	929
184	934
184	955
184	971
184	974
184	976
184	985
184	995
184	997
186	188
186	192
186	193
186	213
186	229
186	232
186	242
186	250
186	255
186	262
186	265
186	279
186	300
186	305
186	314
186	316
186	319
186	326
186	327
186	330
186	335
186	337
186	344
186	346
186	369
186	375
186	382
186	406
186	407
186	410
186	411
186	419
186	420
186	435
186	464
186	471
186	485
186	531
186	534
186	550
186	574
186	585
186	593
186	598
186	613
186	616
186	628
186	634
186	639
186	649
186	656
186	663
186	680
186	692
186	694
186	712
186	716
186	729
186	744
186	753
186	758
186	780
186	793
186	816
186	818
186	822
186	824
186	825
186	834
186	849
186	859
186	868
186	882
186	897
186	900
186	902
186	915
186	929
186	934
186	955
186	971
186	974
186	976
186	985
186	995
186	997
188	213
188	242
188	250
188	255
188	265
188	300
188	305
188	314
188	316
188	319
188	326
188	335
188	344
188	375
188	382
188	406
188	410
188	411
188	419
188	420
188	464
188	471
188	485
188	550
188	585
188	593
188	598
188	613
188	628
188	634
188	639
188	649
188	680
188	692
188	694
188	712
188	716
188	744
188	753
188	758
188	780
188	816
188	818
188	825
188	834
188	849
188	882
188	902
188	915
188	929
188	934
188	971
188	976
188	995
188	997
191	198
191	205
191	210
191	214
191	235
191	245
191	252
191	256
191	258
191	266
191	269
191	277
191	281
191	282
191	287
191	301
191	329
191	352
191	365
191	376
191	381
191	394
191	395
191	402
191	409
191	424
191	430
191	443
191	451
191	459
191	470
191	475
191	499
191	504
191	508
191	515
191	520
191	521
191	551
191	553
191	560
191	563
191	572
191	579
191	595
191	630
191	652
191	656
191	659
191	662
191	675
191	684
191	686
191	697
191	719
191	725
191	734
191	735
191	750
191	751
191	754
191	772
191	782
191	783
191	791
191	803
191	806
191	811
191	812
191	813
191	815
191	824
191	832
191	836
191	844
191	847
191	848
191	851
191	852
191	856
191	862
191	871
191	872
191	875
191	886
191	904
191	922
191	925
191	937
191	942
191	945
191	949
191	950
191	951
191	957
191	964
191	970
191	973
191	974
191	982
191	984
191	986
191	987
191	998
192	213
192	242
192	255
192	265
192	300
192	314
192	319
192	326
192	335
192	337
192	344
192	375
192	382
192	406
192	410
192	411
192	419
192	420
192	464
192	471
192	485
192	550
192	593
192	613
192	628
192	634
192	639
192	649
192	680
192	692
192	694
192	712
192	716
192	753
192	758
192	780
192	816
192	818
192	834
192	882
192	915
192	929
192	934
192	971
192	995
192	997
193	213
193	242
193	255
193	297
193	300
193	319
193	327
193	335
193	344
193	382
193	406
193	410
193	419
193	420
193	471
193	485
193	550
193	573
193	585
193	598
193	634
193	649
193	656
193	663
193	680
193	694
193	716
193	753
193	758
193	780
193	816
193	818
193	824
193	859
193	882
193	915
193	934
193	971
193	974
193	976
193	987
195	756
198	214
198	224
198	235
198	245
198	252
198	256
198	258
198	269
198	281
198	287
198	381
198	394
198	402
198	422
198	430
198	451
198	473
198	475
198	499
198	551
198	553
198	560
198	563
198	572
198	579
198	659
198	662
198	684
198	697
198	719
198	725
198	734
198	735
198	751
198	772
198	783
198	811
198	812
198	813
198	832
198	836
198	844
198	847
198	848
198	871
198	872
198	922
198	925
198	937
198	942
198	945
198	949
198	950
198	951
198	964
198	970
198	973
198	982
205	245
205	256
205	258
205	281
205	381
205	430
205	475
205	499
205	551
205	553
205	560
205	563
205	572
205	579
205	684
205	719
205	734
205	735
205	812
205	813
205	836
205	872
205	925
205	945
205	970
205	973
208	214
208	301
208	443
208	719
208	815
208	973
210	245
210	252
210	256
210	258
210	269
210	277
210	381
210	475
210	508
210	551
210	553
210	563
210	572
210	579
210	630
210	659
210	719
210	725
210	734
210	812
210	832
210	925
210	930
210	945
210	951
210	970
210	982
211	303
211	867
211	962
213	229
213	232
213	242
213	250
213	255
213	262
213	265
213	279
213	291
213	300
213	305
213	314
213	316
213	319
213	326
213	327
213	330
213	335
213	337
213	344
213	346
213	369
213	375
213	382
213	406
213	407
213	410
213	411
213	419
213	420
213	435
213	464
213	471
213	485
213	488
213	507
213	534
213	550
213	566
213	574
213	585
213	593
213	598
213	606
213	613
213	616
213	628
213	634
213	639
213	649
213	656
213	663
213	680
213	692
213	694
213	712
213	716
213	744
213	753
213	758
213	780
213	789
213	793
213	816
213	818
213	824
213	825
213	834
213	849
213	859
213	868
213	882
213	897
213	900
213	902
213	915
213	929
213	934
213	955
213	971
213	974
213	976
213	985
213	995
213	997
214	235
214	245
214	252
214	256
214	258
214	264
214	269
214	281
214	282
214	287
214	297
214	301
214	352
214	353
214	381
214	387
214	394
214	395
214	402
214	417
214	418
214	430
214	438
214	443
214	451
214	459
214	470
214	472
214	475
214	499
214	508
214	515
214	520
214	521
214	551
214	553
214	560
214	563
214	572
214	579
214	595
214	638
214	652
214	656
214	659
214	662
214	663
214	675
214	684
214	686
214	697
214	719
214	725
214	734
214	735
214	750
214	751
214	754
214	761
214	772
214	778
214	782
214	783
214	791
214	806
214	811
214	812
214	813
214	815
214	832
214	836
214	839
214	844
214	847
214	848
214	851
214	852
214	856
214	871
214	872
214	875
214	886
214	922
214	925
214	937
214	942
214	945
214	949
214	950
214	951
214	957
214	964
214	970
214	973
214	974
214	982
214	984
214	986
214	987
214	998
219	749
222	610
223	256
223	258
223	381
223	394
223	430
223	451
223	551
223	553
223	560
223	572
223	659
223	662
223	697
223	725
223	735
223	754
223	772
223	848
223	871
223	872
223	945
223	949
223	951
223	970
223	984
224	254
224	281
224	356
224	368
224	422
224	475
224	515
224	547
224	563
224	751
228	486
228	615
228	760
229	242
229	250
229	255
229	265
229	300
229	314
229	319
229	344
229	375
229	382
229	406
229	407
229	410
229	411
229	420
229	471
229	485
229	539
229	550
229	634
229	649
229	716
229	758
229	780
229	816
229	818
229	882
229	915
229	934
229	939
229	971
229	976
229	995
232	242
232	255
232	265
232	300
232	305
232	319
232	326
232	335
232	344
232	382
232	406
232	410
232	411
232	419
232	420
232	471
232	485
232	550
232	585
232	613
232	634
232	649
232	680
232	712
232	716
232	744
232	753
232	758
232	780
232	816
232	818
232	825
232	834
232	882
232	915
232	929
232	934
232	971
232	976
232	995
235	245
235	252
235	256
235	258
235	269
235	281
235	282
235	287
235	301
235	352
235	381
235	394
235	395
235	402
235	430
235	451
235	475
235	499
235	508
235	520
235	521
235	551
235	553
235	560
235	563
235	572
235	579
235	595
235	652
235	659
235	662
235	684
235	686
235	697
235	719
235	725
235	734
235	735
235	750
235	751
235	754
235	772
235	783
235	791
235	811
235	812
235	813
235	815
235	832
235	836
235	844
235	847
235	848
235	852
235	856
235	871
235	872
235	875
235	922
235	925
235	937
235	942
235	945
235	949
235	950
235	951
235	957
235	964
235	970
235	973
235	982
235	987
235	998
240	303
242	250
242	255
242	262
242	265
242	279
242	300
242	305
242	314
242	316
242	319
242	326
242	327
242	330
242	335
242	337
242	344
242	346
242	369
242	375
242	382
242	406
242	407
242	410
242	411
242	419
242	420
242	435
242	464
242	471
242	485
242	531
242	550
242	574
242	585
242	593
242	598
242	613
242	616
242	628
242	634
242	639
242	649
242	656
242	663
242	680
242	692
242	694
242	712
242	716
242	729
242	744
242	753
242	758
242	780
242	793
242	816
242	818
242	824
242	825
242	834
242	849
242	859
242	868
242	882
242	897
242	900
242	902
242	915
242	929
242	934
242	955
242	971
242	974
242	976
242	985
242	995
242	997
245	252
245	256
245	258
245	266
245	269
245	276
245	281
245	282
245	287
245	301
245	329
245	333
245	352
245	365
245	381
245	394
245	395
245	402
245	409
245	430
245	438
245	443
245	451
245	459
245	470
245	475
245	499
245	504
245	508
245	515
245	520
245	521
245	551
245	553
245	560
245	563
245	572
245	579
245	595
245	630
245	651
245	652
245	656
245	659
245	662
245	675
245	684
245	686
245	697
245	719
245	725
245	734
245	735
245	751
245	761
245	772
245	782
245	783
245	791
245	803
245	806
245	811
245	812
245	813
245	815
245	824
245	832
245	836
245	839
245	844
245	847
245	848
245	851
245	852
245	856
245	862
245	871
245	872
245	875
245	886
245	904
245	922
245	925
245	937
245	942
245	945
245	949
245	950
245	951
245	957
245	964
245	970
245	973
245	974
245	982
245	984
245	986
245	987
245	998
247	271
247	277
247	291
247	417
247	495
247	508
247	593
247	630
247	646
247	657
247	686
247	690
247	769
247	822
250	255
250	265
250	279
250	300
250	305
250	314
250	316
250	319
250	326
250	335
250	344
250	346
250	375
250	382
250	406
250	407
250	410
250	411
250	419
250	420
250	464
250	471
250	485
250	550
250	585
250	593
250	598
250	613
250	634
250	639
250	649
250	680
250	692
250	694
250	712
250	716
250	744
250	753
250	758
250	780
250	816
250	818
250	825
250	834
250	859
250	868
250	882
250	900
250	902
250	915
250	916
250	929
250	934
250	971
250	976
250	995
250	997
252	256
252	258
252	266
252	269
252	276
252	277
252	281
252	282
252	287
252	301
252	329
252	352
252	365
252	376
252	381
252	394
252	395
252	402
252	409
252	430
252	443
252	451
252	459
252	470
252	475
252	487
252	499
252	508
252	515
252	520
252	521
252	551
252	553
252	560
252	563
252	572
252	579
252	595
252	630
252	652
252	659
252	662
252	675
252	677
252	684
252	697
252	719
252	725
252	734
252	735
252	751
252	754
252	772
252	782
252	783
252	791
252	803
252	806
252	811
252	812
252	813
252	815
252	832
252	836
252	839
252	844
252	847
252	848
252	851
252	852
252	856
252	871
252	872
252	875
252	886
252	904
252	922
252	925
252	937
252	942
252	945
252	949
252	950
252	951
252	957
252	964
252	970
252	973
252	974
252	982
252	984
252	986
252	987
252	998
255	265
255	297
255	300
255	305
255	314
255	316
255	319
255	326
255	327
255	330
255	335
255	337
255	344
255	346
255	375
255	382
255	406
255	407
255	410
255	411
255	419
255	420
255	435
255	464
255	471
255	485
255	507
255	550
255	574
255	585
255	593
255	598
255	613
255	616
255	628
255	634
255	639
255	649
255	656
255	663
255	680
255	692
255	694
255	712
255	716
255	729
255	744
255	753
255	758
255	774
255	780
255	816
255	818
255	824
255	825
255	834
255	849
255	859
255	868
255	882
255	897
255	900
255	902
255	915
255	929
255	934
255	955
255	971
255	974
255	976
255	985
255	987
255	995
255	997
256	258
256	266
256	269
256	277
256	281
256	282
256	287
256	297
256	301
256	352
256	353
256	365
256	376
256	381
256	394
256	395
256	402
256	409
256	430
256	443
256	451
256	459
256	470
256	472
256	475
256	495
256	499
256	508
256	515
256	520
256	521
256	551
256	553
256	560
256	563
256	572
256	579
256	595
256	630
256	638
256	652
256	656
256	659
256	662
256	675
256	684
256	686
256	697
256	719
256	725
256	734
256	735
256	750
256	751
256	754
256	772
256	778
256	782
256	783
256	791
256	803
256	806
256	811
256	812
256	813
256	815
256	824
256	832
256	836
256	839
256	844
256	847
256	848
256	851
256	852
256	856
256	871
256	872
256	875
256	886
256	922
256	925
256	937
256	942
256	945
256	949
256	950
256	951
256	957
256	964
256	970
256	973
256	974
256	982
256	984
256	986
256	987
256	998
258	266
258	269
258	276
258	281
258	282
258	287
258	301
258	352
258	353
258	365
258	381
258	394
258	395
258	402
258	409
258	430
258	438
258	443
258	451
258	459
258	470
258	475
258	499
258	504
258	508
258	515
258	520
258	521
258	551
258	553
258	560
258	563
258	572
258	579
258	595
258	616
258	630
258	652
258	656
258	659
258	662
258	675
258	684
258	686
258	697
258	719
258	725
258	734
258	735
258	750
258	751
258	754
258	761
258	772
258	778
258	782
258	783
258	791
258	803
258	806
258	811
258	812
258	813
258	815
258	824
258	832
258	836
258	839
258	844
258	847
258	848
258	851
258	852
258	856
258	862
258	868
258	871
258	872
258	875
258	886
258	922
258	925
258	937
258	942
258	945
258	949
258	950
258	951
258	957
258	964
258	970
258	973
258	974
258	982
258	984
258	986
258	987
258	998
260	397
261	341
262	300
262	314
262	335
262	382
262	410
262	419
262	471
262	649
262	680
262	753
262	780
262	818
262	929
262	934
264	282
264	297
264	327
264	394
264	656
264	659
264	663
264	694
264	852
264	875
264	879
264	942
264	950
264	957
264	973
265	300
265	305
265	314
265	316
265	319
265	326
265	327
265	330
265	335
265	344
265	346
265	375
265	382
265	406
265	407
265	410
265	411
265	419
265	420
265	464
265	471
265	485
265	550
265	574
265	585
265	593
265	598
265	613
265	616
265	628
265	634
265	639
265	649
265	656
265	663
265	680
265	692
265	694
265	712
265	716
265	744
265	753
265	758
265	780
265	816
265	818
265	824
265	825
265	834
265	849
265	859
265	868
265	882
265	897
265	900
265	902
265	915
265	929
265	934
265	955
265	971
265	976
265	985
265	995
265	997
266	301
266	330
266	381
266	443
266	551
266	553
266	560
266	563
266	572
266	652
266	662
266	665
266	675
266	719
266	725
266	734
266	772
266	812
266	813
266	815
266	824
266	875
266	925
266	970
266	973
266	974
266	997
266	998
269	276
269	277
269	281
269	282
269	287
269	301
269	329
269	352
269	365
269	381
269	394
269	395
269	402
269	409
269	424
269	430
269	451
269	470
269	475
269	499
269	508
269	515
269	521
269	551
269	553
269	560
269	563
269	572
269	579
269	595
269	630
269	638
269	652
269	659
269	662
269	684
269	686
269	697
269	719
269	725
269	734
269	735
269	772
269	782
269	783
269	791
269	803
269	806
269	811
269	812
269	813
269	815
269	832
269	836
269	844
269	847
269	848
269	852
269	871
269	872
269	875
269	886
269	904
269	922
269	925
269	937
269	942
269	945
269	949
269	950
269	951
269	957
269	958
269	964
269	970
269	973
269	982
269	984
269	987
269	998
271	495
271	508
271	646
271	686
274	306
275	797
276	551
276	725
276	734
276	812
276	925
276	970
277	282
277	291
277	352
277	365
277	376
277	395
277	417
277	424
277	475
277	495
277	508
277	551
277	553
277	563
277	593
277	595
277	630
277	646
277	657
277	662
277	686
277	690
277	719
277	725
277	734
277	812
277	832
277	844
277	848
277	925
277	937
277	945
277	949
277	951
277	970
277	982
279	300
279	319
279	471
279	613
279	634
279	712
279	758
279	780
279	818
279	882
279	934
279	971
281	282
281	287
281	301
281	329
281	381
281	394
281	395
281	402
281	409
281	422
281	430
281	451
281	475
281	499
281	521
281	551
281	553
281	560
281	563
281	572
281	579
281	603
281	659
281	662
281	677
281	684
281	697
281	719
281	725
281	734
281	735
281	751
281	772
281	782
281	783
281	791
281	811
281	812
281	813
281	815
281	832
281	836
281	844
281	847
281	848
281	851
281	852
281	856
281	871
281	872
281	875
281	886
281	922
281	925
281	937
281	942
281	945
281	949
281	950
281	951
281	964
281	970
281	973
281	982
281	984
281	986
281	998
282	287
282	297
282	301
282	352
282	381
282	394
282	395
282	402
282	407
282	417
282	418
282	424
282	430
282	435
282	438
282	451
282	459
282	472
282	475
282	487
282	495
282	499
282	508
282	520
282	521
282	551
282	553
282	560
282	563
282	572
282	595
282	616
282	630
282	638
282	652
282	656
282	659
282	662
282	663
282	684
282	686
282	694
282	697
282	719
282	725
282	734
282	735
282	750
282	754
282	772
282	778
282	783
282	791
282	811
282	812
282	813
282	815
282	832
282	836
282	839
282	844
282	847
282	848
282	852
282	856
282	868
282	871
282	872
282	875
282	879
282	922
282	925
282	937
282	942
282	945
282	948
282	949
282	950
282	951
282	957
282	970
282	973
282	974
282	982
282	986
282	987
282	998
287	301
287	352
287	381
287	394
287	395
287	402
287	430
287	443
287	451
287	475
287	495
287	499
287	508
287	515
287	521
287	551
287	553
287	560
287	563
287	572
287	579
287	595
287	630
287	652
287	657
287	659
287	662
287	684
287	686
287	697
287	719
287	725
287	734
287	735
287	750
287	751
287	754
287	772
287	791
287	811
287	812
287	813
287	815
287	832
287	836
287	844
287	847
287	848
287	871
287	872
287	875
287	922
287	925
287	937
287	942
287	945
287	949
287	950
287	951
287	964
287	970
287	973
287	974
287	982
287	984
287	998
291	319
291	417
291	495
291	593
291	646
291	690
291	750
291	769
291	822
297	327
297	394
297	417
297	443
297	472
297	520
297	553
297	573
297	585
297	595
297	656
297	663
297	694
297	735
297	750
297	815
297	819
297	859
297	942
297	949
297	950
297	951
297	957
297	973
297	974
297	987
298	735
298	970
300	305
300	314
300	316
300	319
300	326
300	327
300	330
300	335
300	337
300	344
300	346
300	369
300	375
300	382
300	392
300	406
300	407
300	410
300	411
300	419
300	420
300	435
300	464
300	471
300	485
300	488
300	531
300	533
300	534
300	550
300	566
300	574
300	585
300	593
300	598
300	606
300	613
300	616
300	628
300	634
300	639
300	649
300	656
300	663
300	680
300	692
300	694
300	712
300	716
300	729
300	744
300	753
300	758
300	780
300	793
300	816
300	818
300	822
300	824
300	825
300	834
300	849
300	859
300	864
300	868
300	879
300	882
300	897
300	900
300	902
300	915
300	929
300	934
300	955
300	971
300	974
300	976
300	985
300	995
300	997
301	352
301	381
301	394
301	395
301	402
301	430
301	443
301	451
301	470
301	475
301	499
301	508
301	515
301	520
301	521
301	551
301	553
301	560
301	563
301	572
301	579
301	595
301	652
301	659
301	662
301	675
301	684
301	686
301	697
301	719
301	725
301	734
301	735
301	754
301	761
301	772
301	791
301	803
301	806
301	811
301	812
301	813
301	815
301	832
301	836
301	839
301	844
301	847
301	848
301	852
301	856
301	871
301	872
301	875
301	922
301	925
301	942
301	945
301	949
301	950
301	951
301	957
301	964
301	970
301	973
301	974
301	982
301	984
301	987
301	998
303	962
305	314
305	316
305	319
305	326
305	327
305	330
305	335
305	344
305	346
305	375
305	382
305	406
305	407
305	410
305	411
305	419
305	420
305	464
305	471
305	485
305	550
305	574
305	585
305	593
305	598
305	613
305	634
305	639
305	649
305	656
305	663
305	680
305	692
305	694
305	712
305	716
305	744
305	753
305	758
305	780
305	816
305	818
305	824
305	825
305	834
305	849
305	859
305	868
305	882
305	897
305	900
305	902
305	915
305	929
305	934
305	971
305	976
305	985
305	995
305	997
307	581
314	319
314	326
314	331
314	335
314	337
314	344
314	369
314	375
314	382
314	406
314	410
314	411
314	419
314	420
314	464
314	471
314	485
314	550
314	585
314	593
314	598
314	606
314	613
314	616
314	628
314	634
314	639
314	649
314	680
314	692
314	694
314	712
314	716
314	753
314	758
314	780
314	816
314	818
314	825
314	834
314	868
314	882
314	902
314	915
314	929
314	934
314	971
314	976
314	995
314	997
316	319
316	326
316	330
316	335
316	344
316	346
316	375
316	382
316	406
316	410
316	411
316	419
316	420
316	471
316	485
316	550
316	574
316	585
316	598
316	613
316	634
316	649
316	680
316	694
316	709
316	712
316	716
316	744
316	753
316	758
316	780
316	816
316	818
316	824
316	825
316	834
316	868
316	882
316	900
316	902
316	915
316	929
316	930
316	934
316	971
316	976
316	995
316	997
319	326
319	327
319	330
319	335
319	337
319	344
319	346
319	375
319	382
319	406
319	407
319	410
319	411
319	419
319	420
319	435
319	464
319	471
319	485
319	488
319	534
319	550
319	574
319	585
319	593
319	598
319	606
319	613
319	616
319	628
319	634
319	639
319	649
319	656
319	663
319	680
319	692
319	694
319	712
319	716
319	729
319	744
319	753
319	758
319	780
319	793
319	816
319	818
319	824
319	825
319	834
319	849
319	859
319	868
319	882
319	897
319	900
319	902
319	915
319	929
319	934
319	955
319	971
319	974
319	976
319	985
319	995
319	997
324	708
326	327
326	330
326	335
326	337
326	344
326	346
326	375
326	382
326	406
326	410
326	411
326	419
326	420
326	435
326	464
326	471
326	485
326	550
326	585
326	593
326	598
326	613
326	616
326	628
326	634
326	639
326	649
326	656
326	680
326	692
326	694
326	712
326	716
326	744
326	753
326	758
326	780
326	816
326	818
326	824
326	825
326	834
326	849
326	859
326	868
326	882
326	897
326	900
326	902
326	915
326	929
326	934
326	955
326	971
326	976
326	985
326	995
326	997
327	335
327	344
327	375
327	382
327	406
327	410
327	411
327	417
327	419
327	420
327	471
327	472
327	485
327	550
327	573
327	585
327	598
327	613
327	634
327	639
327	649
327	656
327	663
327	680
327	694
327	712
327	716
327	744
327	750
327	753
327	758
327	780
327	816
327	818
327	819
327	825
327	834
327	859
327	882
327	915
327	929
327	934
327	942
327	971
327	974
327	976
327	987
327	995
328	368
329	381
329	475
329	551
329	563
329	579
329	719
329	812
329	813
329	871
329	872
329	970
330	335
330	344
330	382
330	406
330	410
330	411
330	419
330	420
330	438
330	471
330	485
330	550
330	580
330	585
330	613
330	616
330	634
330	649
330	656
330	663
330	692
330	694
330	712
330	716
330	744
330	753
330	758
330	780
330	816
330	818
330	834
330	849
330	868
330	882
330	897
330	902
330	915
330	934
330	971
330	976
331	335
331	382
331	419
331	628
331	639
331	680
331	753
331	818
331	929
333	812
334	381
335	337
335	344
335	346
335	369
335	375
335	382
335	406
335	410
335	411
335	419
335	420
335	464
335	471
335	485
335	488
335	507
335	550
335	574
335	585
335	593
335	598
335	606
335	613
335	616
335	628
335	634
335	639
335	649
335	656
335	680
335	692
335	694
335	709
335	712
335	716
335	744
335	753
335	758
335	780
335	793
335	816
335	818
335	824
335	825
335	834
335	849
335	859
335	868
335	882
335	897
335	900
335	902
335	915
335	929
335	934
335	955
335	971
335	976
335	985
335	995
335	997
337	344
337	375
337	382
337	406
337	410
337	411
337	419
337	420
337	471
337	485
337	550
337	613
337	628
337	634
337	639
337	649
337	680
337	694
337	753
337	758
337	780
337	816
337	818
337	834
337	882
337	915
337	929
337	934
337	995
344	346
344	375
344	382
344	406
344	407
344	410
344	411
344	419
344	420
344	435
344	464
344	471
344	485
344	550
344	574
344	585
344	593
344	598
344	613
344	616
344	628
344	634
344	639
344	649
344	656
344	663
344	680
344	692
344	694
344	712
344	716
344	729
344	744
344	753
344	758
344	780
344	816
344	818
344	824
344	825
344	834
344	849
344	859
344	868
344	882
344	897
344	900
344	902
344	915
344	929
344	934
344	955
344	971
344	974
344	976
344	985
344	995
344	997
346	375
346	382
346	406
346	410
346	411
346	419
346	420
346	464
346	471
346	485
346	550
346	585
346	598
346	613
346	634
346	639
346	649
346	680
346	692
346	694
346	712
346	716
346	744
346	753
346	758
346	780
346	816
346	818
346	825
346	834
346	849
346	882
346	902
346	915
346	929
346	934
346	971
346	976
346	995
346	997
348	368
352	376
352	381
352	394
352	395
352	402
352	409
352	417
352	424
352	430
352	451
352	475
352	495
352	499
352	508
352	520
352	521
352	551
352	553
352	560
352	563
352	572
352	579
352	595
352	630
352	638
352	657
352	659
352	662
352	675
352	684
352	686
352	697
352	719
352	725
352	734
352	735
352	750
352	754
352	772
352	791
352	811
352	812
352	813
352	815
352	832
352	836
352	844
352	847
352	848
352	852
352	871
352	872
352	875
352	922
352	925
352	937
352	942
352	945
352	949
352	950
352	951
352	964
352	970
352	973
352	982
352	998
353	394
353	430
353	451
353	521
353	560
353	626
353	662
353	681
353	684
353	697
353	719
353	735
353	813
353	847
353	875
353	922
353	942
353	949
353	970
353	973
353	974
356	469
365	381
365	395
365	430
365	451
365	470
365	475
365	499
365	508
365	521
365	551
365	553
365	560
365	563
365	572
365	579
365	626
365	630
365	652
365	662
365	684
365	697
365	719
365	725
365	734
365	735
365	806
365	811
365	812
365	813
365	832
365	836
365	844
365	847
365	862
365	871
365	872
365	922
365	925
365	937
365	945
365	949
365	951
365	970
365	973
365	984
365	998
367	756
368	469
368	920
369	375
369	382
369	410
369	419
369	471
369	485
369	649
369	680
369	753
369	758
369	780
369	818
369	882
369	929
369	934
375	382
375	406
375	410
375	411
375	419
375	420
375	464
375	471
375	485
375	550
375	585
375	593
375	598
375	613
375	616
375	628
375	634
375	639
375	649
375	656
375	680
375	692
375	694
375	712
375	716
375	744
375	753
375	758
375	780
375	816
375	818
375	824
375	825
375	834
375	868
375	882
375	902
375	915
375	929
375	934
375	971
375	976
375	995
375	997
376	508
376	553
376	719
376	725
376	812
376	832
376	945
380	539
380	559
380	635
380	672
380	737
380	803
380	939
381	394
381	395
381	402
381	409
381	430
381	438
381	443
381	451
381	459
381	470
381	475
381	499
381	504
381	508
381	515
381	520
381	521
381	551
381	553
381	560
381	563
381	572
381	579
381	595
381	630
381	638
381	651
381	652
381	659
381	662
381	675
381	684
381	686
381	697
381	719
381	725
381	734
381	735
381	750
381	751
381	754
381	761
381	772
381	778
381	782
381	783
381	791
381	803
381	806
381	811
381	812
381	813
381	815
381	832
381	836
381	839
381	844
381	847
381	848
381	851
381	852
381	856
381	862
381	871
381	872
381	875
381	886
381	922
381	925
381	937
381	942
381	945
381	949
381	950
381	951
381	957
381	964
381	970
381	973
381	974
381	982
381	984
381	986
381	987
381	998
382	406
382	410
382	411
382	419
382	420
382	464
382	471
382	485
382	488
382	534
382	550
382	585
382	593
382	598
382	606
382	613
382	616
382	628
382	634
382	639
382	649
382	656
382	680
382	692
382	694
382	712
382	716
382	744
382	753
382	758
382	780
382	793
382	816
382	818
382	824
382	825
382	834
382	849
382	859
382	868
382	882
382	897
382	900
382	902
382	915
382	929
382	934
382	955
382	971
382	976
382	985
382	995
382	997
386	392
386	407
386	435
386	450
386	487
386	613
386	616
386	692
386	793
386	850
386	864
386	879
386	882
386	948
386	980
387	872
387	950
387	973
392	407
392	435
392	613
392	616
392	692
392	793
392	864
392	879
392	882
394	395
394	402
394	418
394	430
394	443
394	451
394	459
394	472
394	475
394	499
394	508
394	515
394	520
394	521
394	551
394	553
394	560
394	563
394	572
394	579
394	595
394	638
394	652
394	656
394	659
394	662
394	684
394	686
394	697
394	719
394	725
394	734
394	735
394	750
394	751
394	754
394	761
394	772
394	778
394	782
394	783
394	791
394	806
394	811
394	812
394	813
394	815
394	832
394	836
394	839
394	844
394	847
394	848
394	851
394	852
394	856
394	871
394	872
394	875
394	886
394	922
394	925
394	937
394	942
394	945
394	949
394	950
394	951
394	957
394	964
394	970
394	973
394	974
394	982
394	984
394	986
394	987
394	998
395	409
395	424
395	430
395	451
395	475
395	495
395	499
395	508
395	521
395	551
395	553
395	560
395	563
395	572
395	579
395	595
395	630
395	652
395	657
395	662
395	684
395	686
395	697
395	719
395	725
395	734
395	735
395	772
395	791
395	811
395	812
395	813
395	832
395	836
395	844
395	847
395	848
395	852
395	871
395	872
395	875
395	922
395	925
395	937
395	942
395	945
395	949
395	951
395	964
395	970
395	973
395	982
395	998
398	758
401	640
402	430
402	451
402	475
402	499
402	521
402	551
402	553
402	560
402	563
402	572
402	659
402	662
402	684
402	697
402	719
402	725
402	734
402	735
402	751
402	754
402	772
402	783
402	791
402	806
402	811
402	812
402	813
402	815
402	832
402	836
402	844
402	847
402	848
402	852
402	871
402	872
402	875
402	922
402	925
402	937
402	942
402	945
402	949
402	950
402	951
402	970
402	973
402	982
402	984
406	407
406	410
406	411
406	419
406	420
406	435
406	464
406	471
406	485
406	550
406	574
406	585
406	593
406	598
406	613
406	616
406	628
406	634
406	639
406	649
406	656
406	663
406	680
406	692
406	694
406	712
406	716
406	729
406	744
406	753
406	758
406	780
406	816
406	818
406	824
406	825
406	834
406	849
406	859
406	868
406	882
406	897
406	900
406	902
406	915
406	929
406	934
406	955
406	971
406	974
406	976
406	985
406	995
406	997
407	410
407	411
407	420
407	435
407	464
407	471
407	485
407	487
407	550
407	585
407	613
407	616
407	634
407	649
407	663
407	692
407	694
407	716
407	744
407	758
407	780
407	793
407	816
407	864
407	868
407	879
407	882
407	900
407	915
407	934
407	942
407	971
407	974
407	976
409	430
409	451
409	475
409	499
409	508
409	551
409	553
409	560
409	563
409	572
409	579
409	662
409	684
409	697
409	719
409	725
409	734
409	735
409	772
409	811
409	812
409	813
409	832
409	844
409	871
409	872
409	925
409	937
409	945
409	951
409	970
409	982
410	411
410	419
410	420
410	435
410	464
410	471
410	485
410	488
410	534
410	550
410	574
410	585
410	593
410	598
410	606
410	613
410	616
410	628
410	634
410	639
410	649
410	656
410	663
410	680
410	692
410	694
410	712
410	716
410	744
410	753
410	758
410	780
410	793
410	809
410	816
410	818
410	822
410	824
410	825
410	834
410	849
410	859
410	868
410	882
410	897
410	900
410	902
410	915
410	929
410	934
410	955
410	971
410	974
410	976
410	985
410	995
410	997
411	419
411	420
411	464
411	471
411	485
411	488
411	550
411	574
411	585
411	593
411	598
411	613
411	616
411	628
411	634
411	639
411	649
411	656
411	680
411	692
411	694
411	712
411	716
411	744
411	753
411	758
411	780
411	816
411	818
411	824
411	825
411	834
411	849
411	859
411	868
411	882
411	897
411	900
411	902
411	915
411	929
411	934
411	955
411	971
411	976
411	985
411	995
411	997
413	547
415	539
415	559
415	635
415	672
415	803
417	424
417	472
417	495
417	508
417	520
417	593
417	595
417	630
417	646
417	656
417	662
417	686
417	690
417	734
417	750
417	822
417	844
417	949
417	951
418	451
418	659
418	735
418	750
418	754
418	848
418	875
418	942
418	949
418	950
418	973
418	974
419	420
419	464
419	471
419	485
419	488
419	550
419	585
419	593
419	598
419	606
419	613
419	616
419	628
419	634
419	639
419	649
419	656
419	680
419	692
419	694
419	712
419	716
419	744
419	753
419	758
419	780
419	816
419	818
419	824
419	825
419	834
419	849
419	859
419	868
419	882
419	902
419	915
419	929
419	934
419	955
419	971
419	976
419	985
419	995
419	997
420	435
420	464
420	471
420	485
420	533
420	550
420	574
420	585
420	593
420	598
420	613
420	616
420	628
420	634
420	639
420	649
420	656
420	663
420	680
420	692
420	694
420	712
420	716
420	729
420	744
420	753
420	758
420	780
420	793
420	816
420	818
420	824
420	825
420	834
420	849
420	859
420	864
420	868
420	879
420	882
420	897
420	900
420	902
420	915
420	929
420	934
420	955
420	971
420	974
420	976
420	985
420	995
420	997
422	473
422	475
422	563
422	751
424	495
424	499
424	508
424	563
424	630
424	684
424	686
424	725
424	734
424	811
424	812
424	832
424	844
424	925
424	937
424	949
424	951
424	970
424	982
430	443
430	451
430	470
430	475
430	499
430	508
430	515
430	521
430	551
430	553
430	560
430	563
430	572
430	579
430	595
430	638
430	651
430	652
430	659
430	662
430	675
430	684
430	686
430	697
430	719
430	725
430	734
430	735
430	750
430	751
430	754
430	761
430	772
430	782
430	783
430	791
430	806
430	811
430	812
430	813
430	815
430	832
430	836
430	839
430	844
430	847
430	848
430	852
430	856
430	862
430	871
430	872
430	875
430	886
430	910
430	922
430	925
430	937
430	942
430	945
430	949
430	950
430	951
430	957
430	964
430	970
430	973
430	974
430	982
430	984
430	986
430	998
433	536
435	438
435	450
435	471
435	485
435	550
435	585
435	593
435	598
435	613
435	616
435	649
435	663
435	692
435	694
435	716
435	744
435	780
435	793
435	809
435	816
435	822
435	864
435	868
435	879
435	882
435	915
435	934
435	948
435	971
435	976
435	995
435	997
438	450
438	451
438	560
438	572
438	616
438	638
438	659
438	697
438	719
438	735
438	806
438	813
438	824
438	852
438	868
438	871
438	875
438	879
438	922
438	925
438	948
438	950
438	957
438	970
438	973
443	451
443	475
443	551
443	553
443	560
443	563
443	572
443	579
443	591
443	595
443	652
443	656
443	662
443	675
443	684
443	697
443	719
443	725
443	734
443	735
443	772
443	812
443	813
443	815
443	832
443	836
443	852
443	856
443	872
443	875
443	925
443	942
443	945
443	950
443	951
443	964
443	970
443	973
443	974
443	982
443	987
443	998
450	487
450	613
450	616
450	692
450	793
450	864
450	879
450	882
450	948
450	980
451	470
451	475
451	487
451	499
451	508
451	515
451	520
451	521
451	551
451	553
451	560
451	563
451	572
451	579
451	595
451	638
451	651
451	652
451	659
451	662
451	675
451	684
451	686
451	697
451	719
451	725
451	734
451	735
451	750
451	751
451	754
451	761
451	772
451	778
451	782
451	783
451	791
451	806
451	811
451	812
451	813
451	815
451	832
451	836
451	839
451	844
451	847
451	848
451	851
451	852
451	856
451	862
451	871
451	872
451	875
451	886
451	922
451	925
451	937
451	942
451	945
451	949
451	950
451	951
451	957
451	964
451	970
451	973
451	974
451	982
451	984
451	986
451	987
451	998
459	475
459	551
459	553
459	560
459	563
459	572
459	652
459	719
459	735
459	772
459	815
459	832
459	836
459	852
459	872
459	875
459	925
459	945
459	949
459	950
459	970
459	973
464	471
464	485
464	550
464	585
464	593
464	598
464	613
464	616
464	628
464	634
464	639
464	649
464	680
464	692
464	694
464	712
464	716
464	744
464	753
464	758
464	780
464	816
464	818
464	825
464	834
464	868
464	882
464	902
464	915
464	929
464	934
464	971
464	974
464	976
464	985
464	995
464	997
465	796
468	536
468	624
468	658
468	749
468	775
469	920
470	475
470	551
470	553
470	560
470	563
470	572
470	652
470	659
470	662
470	675
470	684
470	697
470	719
470	725
470	734
470	735
470	772
470	806
470	811
470	812
470	813
470	815
470	832
470	836
470	847
470	852
470	871
470	872
470	875
470	922
470	925
470	942
470	945
470	951
470	970
470	973
471	485
471	488
471	534
471	550
471	566
471	574
471	585
471	593
471	598
471	606
471	613
471	616
471	628
471	634
471	639
471	649
471	656
471	663
471	680
471	692
471	694
471	712
471	716
471	729
471	744
471	753
471	758
471	780
471	793
471	816
471	818
471	824
471	825
471	834
471	849
471	859
471	868
471	882
471	897
471	900
471	902
471	915
471	929
471	934
471	955
471	971
471	976
471	985
471	995
471	997
472	495
472	499
472	521
472	573
472	595
472	656
472	657
472	686
472	694
472	735
472	750
472	819
472	832
472	848
472	942
472	945
472	949
472	951
472	957
472	973
475	499
475	508
475	515
475	520
475	521
475	551
475	553
475	560
475	563
475	572
475	579
475	595
475	630
475	652
475	659
475	662
475	675
475	677
475	684
475	686
475	697
475	719
475	725
475	734
475	735
475	751
475	754
475	772
475	782
475	783
475	791
475	803
475	806
475	811
475	812
475	813
475	815
475	832
475	836
475	844
475	847
475	848
475	851
475	852
475	856
475	871
475	872
475	875
475	886
475	901
475	904
475	922
475	925
475	937
475	942
475	945
475	949
475	950
475	951
475	957
475	964
475	970
475	973
475	974
475	982
475	984
475	986
475	987
475	998
476	709
480	762
480	861
481	563
485	531
485	550
485	574
485	585
485	593
485	598
485	613
485	616
485	628
485	634
485	639
485	649
485	656
485	663
485	680
485	692
485	694
485	712
485	716
485	729
485	744
485	753
485	758
485	780
485	793
485	816
485	818
485	824
485	825
485	834
485	849
485	859
485	864
485	868
485	882
485	897
485	900
485	902
485	915
485	929
485	934
485	955
485	971
485	974
485	976
485	985
485	995
485	997
486	615
486	760
487	551
487	553
487	616
487	659
487	719
487	815
487	875
487	879
487	942
487	948
487	950
487	973
487	980
488	606
488	680
488	753
488	818
488	882
488	929
488	934
495	499
495	508
495	563
495	593
495	595
495	630
495	646
495	657
495	662
495	686
495	690
495	734
495	750
495	769
495	812
495	822
495	832
495	844
495	937
495	945
495	949
495	951
499	508
499	515
499	521
499	551
499	553
499	560
499	563
499	572
499	579
499	595
499	630
499	651
499	662
499	684
499	686
499	697
499	719
499	725
499	734
499	735
499	772
499	783
499	791
499	811
499	812
499	813
499	832
499	836
499	844
499	847
499	848
499	871
499	872
499	875
499	922
499	925
499	937
499	942
499	945
499	949
499	950
499	951
499	964
499	970
499	973
499	982
499	984
499	998
504	553
504	563
504	572
504	719
504	734
504	812
504	832
504	844
504	848
504	925
504	970
507	934
508	551
508	553
508	563
508	572
508	595
508	630
508	646
508	657
508	662
508	675
508	684
508	686
508	690
508	697
508	719
508	725
508	734
508	735
508	750
508	791
508	811
508	812
508	813
508	832
508	836
508	844
508	848
508	872
508	922
508	925
508	937
508	942
508	945
508	949
508	951
508	964
508	970
508	982
508	998
515	551
515	553
515	560
515	563
515	572
515	662
515	684
515	697
515	719
515	725
515	734
515	735
515	772
515	812
515	813
515	815
515	832
515	836
515	844
515	856
515	872
515	925
515	937
515	945
515	949
515	951
515	970
515	973
515	982
520	551
520	553
520	560
520	572
520	595
520	656
520	659
520	662
520	684
520	697
520	719
520	725
520	734
520	735
520	750
520	754
520	811
520	812
520	848
520	852
520	872
520	875
520	922
520	925
520	942
520	945
520	949
520	950
520	951
520	957
520	970
520	973
520	974
520	982
520	987
521	551
521	553
521	560
521	563
521	572
521	579
521	652
521	656
521	659
521	662
521	684
521	697
521	719
521	725
521	734
521	735
521	754
521	772
521	783
521	791
521	806
521	811
521	812
521	813
521	832
521	836
521	844
521	847
521	848
521	851
521	852
521	871
521	872
521	875
521	904
521	922
521	925
521	937
521	942
521	945
521	949
521	950
521	951
521	957
521	964
521	970
521	973
521	974
521	982
521	984
521	987
521	998
531	550
531	780
531	816
531	915
531	934
533	613
533	882
534	680
534	818
534	934
536	749
539	559
539	635
539	672
539	737
539	782
539	803
539	939
541	619
541	650
541	756
544	762
550	574
550	585
550	593
550	598
550	613
550	616
550	628
550	634
550	639
550	649
550	656
550	663
550	680
550	692
550	694
550	712
550	716
550	729
550	744
550	753
550	758
550	780
550	793
550	816
550	818
550	824
550	825
550	834
550	849
550	859
550	868
550	882
550	897
550	900
550	902
550	915
550	929
550	934
550	955
550	971
550	974
550	976
550	985
550	995
550	997
551	553
551	560
551	563
551	572
551	579
551	595
551	630
551	652
551	659
551	662
551	675
551	677
551	684
551	686
551	697
551	719
551	725
551	734
551	735
551	750
551	751
551	754
551	761
551	772
551	782
551	783
551	791
551	803
551	806
551	811
551	812
551	813
551	815
551	832
551	836
551	839
551	844
551	847
551	848
551	851
551	852
551	856
551	871
551	872
551	875
551	886
551	904
551	922
551	925
551	937
551	942
551	945
551	949
551	950
551	951
551	957
551	964
551	970
551	973
551	974
551	982
551	984
551	986
551	987
551	998
553	560
553	563
553	572
553	579
553	595
553	630
553	638
553	651
553	652
553	656
553	659
553	662
553	675
553	677
553	684
553	686
553	697
553	719
553	725
553	734
553	735
553	750
553	751
553	754
553	761
553	772
553	782
553	783
553	791
553	803
553	806
553	811
553	812
553	813
553	815
553	824
553	832
553	836
553	839
553	844
553	847
553	848
553	851
553	852
553	856
553	862
553	871
553	872
553	875
553	886
553	904
553	922
553	925
553	937
553	942
553	945
553	949
553	950
553	951
553	957
553	964
553	970
553	973
553	974
553	982
553	984
553	986
553	987
553	998
555	642
559	635
559	672
559	737
559	803
559	939
560	563
560	572
560	579
560	595
560	652
560	659
560	662
560	675
560	677
560	684
560	697
560	719
560	725
560	734
560	735
560	751
560	754
560	761
560	772
560	778
560	782
560	783
560	791
560	803
560	806
560	811
560	812
560	813
560	815
560	832
560	836
560	839
560	844
560	847
560	848
560	851
560	852
560	856
560	862
560	871
560	872
560	875
560	886
560	904
560	922
560	925
560	937
560	942
560	945
560	949
560	950
560	951
560	957
560	964
560	970
560	973
560	974
560	982
560	984
560	986
560	987
560	998
563	572
563	579
563	595
563	630
563	652
563	656
563	657
563	659
563	662
563	675
563	684
563	686
563	697
563	719
563	725
563	734
563	735
563	751
563	761
563	772
563	791
563	806
563	811
563	812
563	813
563	815
563	832
563	836
563	844
563	847
563	848
563	851
563	852
563	856
563	871
563	872
563	875
563	886
563	922
563	925
563	937
563	942
563	945
563	949
563	950
563	951
563	957
563	964
563	970
563	973
563	982
563	984
563	986
563	987
563	998
566	680
566	758
566	818
566	882
566	934
572	579
572	595
572	630
572	638
572	651
572	652
572	656
572	659
572	662
572	675
572	684
572	686
572	697
572	719
572	725
572	734
572	735
572	750
572	751
572	754
572	761
572	772
572	778
572	782
572	783
572	791
572	803
572	806
572	811
572	812
572	813
572	815
572	832
572	836
572	839
572	844
572	847
572	848
572	851
572	852
572	856
572	862
572	871
572	872
572	875
572	886
572	922
572	925
572	937
572	942
572	945
572	948
572	949
572	950
572	951
572	957
572	964
572	970
572	973
572	974
572	982
572	984
572	986
572	987
572	998
573	656
573	663
573	694
573	819
573	987
574	585
574	649
574	716
574	780
574	816
574	915
574	934
574	971
574	976
574	997
579	652
579	659
579	662
579	684
579	697
579	719
579	725
579	734
579	735
579	751
579	772
579	811
579	812
579	813
579	815
579	832
579	836
579	847
579	848
579	851
579	852
579	871
579	872
579	875
579	922
579	925
579	937
579	942
579	945
579	949
579	950
579	951
579	964
579	970
579	973
579	982
579	998
580	824
585	593
585	598
585	613
585	616
585	628
585	634
585	639
585	649
585	656
585	663
585	680
585	692
585	694
585	712
585	716
585	744
585	753
585	758
585	780
585	793
585	816
585	818
585	824
585	825
585	834
585	849
585	859
585	868
585	879
585	882
585	897
585	900
585	902
585	915
585	929
585	934
585	971
585	974
585	976
585	987
585	995
585	997
591	630
593	598
593	612
593	613
593	616
593	628
593	630
593	634
593	639
593	646
593	649
593	656
593	657
593	680
593	690
593	692
593	694
593	712
593	716
593	744
593	750
593	753
593	758
593	769
593	780
593	816
593	818
593	822
593	825
593	834
593	855
593	859
593	882
593	897
593	902
593	915
593	929
593	934
593	971
593	976
593	995
593	997
595	630
595	652
595	656
595	657
595	659
595	662
595	675
595	684
595	686
595	697
595	719
595	725
595	734
595	735
595	750
595	772
595	791
595	811
595	812
595	813
595	815
595	832
595	836
595	844
595	848
595	852
595	872
595	875
595	922
595	925
595	937
595	942
595	945
595	949
595	950
595	951
595	964
595	970
595	973
595	982
595	987
595	998
598	613
598	616
598	634
598	639
598	649
598	656
598	663
598	680
598	692
598	694
598	712
598	716
598	744
598	753
598	758
598	780
598	816
598	818
598	824
598	825
598	834
598	859
598	868
598	882
598	900
598	902
598	915
598	929
598	934
598	971
598	976
598	995
598	997
604	615
604	760
606	680
606	753
606	818
606	882
606	929
612	690
612	822
613	616
613	628
613	634
613	639
613	649
613	656
613	663
613	678
613	680
613	691
613	692
613	694
613	712
613	716
613	744
613	753
613	758
613	780
613	793
613	816
613	818
613	824
613	825
613	834
613	849
613	859
613	864
613	868
613	879
613	882
613	897
613	900
613	902
613	915
613	929
613	934
613	955
613	971
613	974
613	976
613	985
613	995
613	997
615	760
616	634
616	639
616	649
616	663
616	680
616	692
616	694
616	712
616	716
616	744
616	753
616	758
616	780
616	793
616	816
616	818
616	824
616	834
616	852
616	864
616	868
616	879
616	882
616	900
616	902
616	915
616	929
616	934
616	942
616	948
616	950
616	971
616	973
616	974
616	976
616	985
616	995
616	997
619	650
619	703
619	741
619	756
624	658
624	718
624	749
626	809
626	983
626	997
628	634
628	639
628	649
628	680
628	692
628	694
628	712
628	716
628	753
628	758
628	780
628	816
628	818
628	834
628	882
628	902
628	915
628	929
628	934
628	971
628	976
628	995
628	997
630	657
630	662
630	684
630	686
630	690
630	719
630	725
630	734
630	735
630	791
630	803
630	811
630	812
630	832
630	836
630	844
630	847
630	848
630	925
630	937
630	942
630	945
630	949
630	951
630	970
630	982
634	639
634	649
634	656
634	663
634	680
634	692
634	694
634	712
634	716
634	744
634	753
634	758
634	780
634	816
634	818
634	824
634	825
634	834
634	849
634	859
634	868
634	882
634	897
634	900
634	902
634	915
634	929
634	934
634	955
634	971
634	976
634	985
634	995
634	997
635	672
635	737
635	782
635	803
635	939
638	659
638	662
638	686
638	697
638	719
638	725
638	734
638	735
638	791
638	811
638	812
638	832
638	847
638	848
638	852
638	871
638	875
638	922
638	925
638	942
638	948
638	949
638	950
638	951
638	970
638	973
638	980
639	649
639	680
639	692
639	694
639	712
639	716
639	744
639	753
639	758
639	780
639	816
639	818
639	825
639	834
639	868
639	882
639	902
639	915
639	929
639	934
639	955
639	971
639	976
639	995
639	997
640	816
642	861
646	657
646	686
646	690
649	656
649	663
649	680
649	692
649	694
649	712
649	716
649	729
649	744
649	753
649	758
649	780
649	793
649	816
649	818
649	824
649	825
649	834
649	849
649	859
649	868
649	882
649	897
649	900
649	902
649	915
649	929
649	934
649	955
649	971
649	974
649	976
649	985
649	995
649	997
650	703
650	756
651	684
651	697
651	735
651	745
651	772
651	872
651	925
651	937
651	970
651	984
652	656
652	662
652	675
652	684
652	697
652	719
652	725
652	734
652	735
652	772
652	806
652	811
652	812
652	813
652	815
652	832
652	836
652	847
652	852
652	856
652	871
652	872
652	875
652	922
652	925
652	942
652	945
652	949
652	950
652	951
652	964
652	970
652	973
652	974
652	982
652	987
652	998
654	703
654	756
656	663
656	680
656	694
656	712
656	716
656	719
656	735
656	744
656	750
656	753
656	758
656	780
656	816
656	818
656	819
656	824
656	825
656	832
656	834
656	859
656	868
656	882
656	897
656	902
656	915
656	925
656	929
656	934
656	942
656	945
656	949
656	950
656	951
656	957
656	971
656	973
656	974
656	976
656	987
656	995
656	997
657	662
657	686
657	690
657	812
657	832
657	844
657	937
657	945
657	949
659	662
659	684
659	697
659	719
659	725
659	734
659	735
659	750
659	751
659	754
659	772
659	778
659	783
659	791
659	806
659	811
659	812
659	813
659	815
659	832
659	836
659	839
659	844
659	847
659	848
659	852
659	856
659	871
659	872
659	875
659	886
659	922
659	925
659	942
659	945
659	948
659	949
659	950
659	951
659	957
659	970
659	973
659	974
659	982
659	984
659	986
659	987
659	998
662	675
662	684
662	686
662	697
662	719
662	725
662	734
662	735
662	750
662	751
662	754
662	772
662	783
662	791
662	806
662	811
662	812
662	813
662	815
662	832
662	836
662	839
662	844
662	847
662	848
662	851
662	852
662	856
662	862
662	871
662	872
662	875
662	886
662	922
662	925
662	937
662	942
662	945
662	949
662	950
662	951
662	964
662	970
662	973
662	974
662	982
662	984
662	987
662	998
663	692
663	694
663	716
663	744
663	780
663	793
663	816
663	824
663	834
663	859
663	868
663	879
663	882
663	915
663	934
663	942
663	950
663	957
663	971
663	973
663	974
663	976
663	987
663	997
665	675
667	850
667	948
667	980
672	737
672	782
672	803
672	939
675	684
675	719
675	725
675	734
675	735
675	761
675	772
675	806
675	812
675	813
675	815
675	836
675	839
675	852
675	871
675	872
675	925
675	945
675	951
675	964
675	970
675	973
675	998
677	684
677	719
677	735
677	813
677	872
677	970
678	882
680	692
680	694
680	712
680	716
680	744
680	753
680	758
680	780
680	816
680	818
680	825
680	834
680	859
680	868
680	882
680	902
680	915
680	929
680	934
680	955
680	971
680	976
680	985
680	995
680	997
684	686
684	697
684	719
684	725
684	734
684	735
684	751
684	754
684	761
684	772
684	782
684	783
684	791
684	803
684	806
684	811
684	812
684	813
684	815
684	819
684	832
684	836
684	839
684	844
684	847
684	848
684	852
684	856
684	871
684	872
684	875
684	886
684	904
684	922
684	925
684	937
684	942
684	945
684	949
684	950
684	951
684	957
684	964
684	970
684	973
684	974
684	982
684	984
684	987
684	998
686	690
686	697
686	719
686	725
686	734
686	735
686	750
686	754
686	791
686	811
686	812
686	832
686	836
686	844
686	848
686	872
686	922
686	925
686	937
686	945
686	949
686	951
686	964
686	970
686	973
686	982
686	998
690	750
690	769
690	822
690	832
690	844
691	882
692	694
692	712
692	716
692	744
692	753
692	758
692	780
692	793
692	816
692	818
692	824
692	825
692	834
692	849
692	864
692	868
692	879
692	882
692	900
692	902
692	915
692	929
692	934
692	971
692	976
692	995
692	997
694	712
694	716
694	744
694	750
694	753
694	758
694	780
694	793
694	816
694	818
694	824
694	825
694	834
694	849
694	859
694	864
694	868
694	879
694	882
694	900
694	902
694	915
694	929
694	934
694	942
694	971
694	973
694	974
694	976
694	987
694	995
694	997
697	719
697	725
697	734
697	735
697	750
697	751
697	754
697	761
697	772
697	778
697	782
697	783
697	791
697	803
697	806
697	811
697	812
697	813
697	815
697	832
697	836
697	839
697	844
697	847
697	848
697	851
697	852
697	856
697	871
697	872
697	875
697	886
697	922
697	925
697	937
697	942
697	945
697	949
697	950
697	951
697	957
697	964
697	970
697	973
697	974
697	982
697	984
697	986
697	987
697	998
703	756
703	760
709	930
710	756
712	716
712	744
712	753
712	758
712	780
712	816
712	818
712	824
712	825
712	834
712	849
712	859
712	868
712	882
712	897
712	900
712	902
712	915
712	916
712	929
712	934
712	971
712	976
712	985
712	995
712	997
716	744
716	753
716	758
716	780
716	816
716	818
716	824
716	825
716	834
716	849
716	859
716	868
716	882
716	897
716	900
716	902
716	915
716	929
716	934
716	955
716	971
716	974
716	976
716	985
716	995
716	997
718	727
718	749
719	725
719	734
719	735
719	750
719	751
719	754
719	761
719	772
719	778
719	782
719	783
719	791
719	803
719	806
719	811
719	812
719	813
719	815
719	832
719	836
719	839
719	844
719	847
719	848
719	851
719	852
719	856
719	862
719	871
719	872
719	875
719	886
719	904
719	922
719	925
719	937
719	942
719	945
719	949
719	950
719	951
719	957
719	964
719	970
719	973
719	974
719	982
719	984
719	986
719	987
719	998
725	734
725	735
725	751
725	772
725	782
725	783
725	791
725	803
725	806
725	811
725	812
725	813
725	815
725	832
725	836
725	844
725	847
725	848
725	852
725	856
725	871
725	872
725	875
725	886
725	904
725	922
725	925
725	937
725	942
725	945
725	949
725	950
725	951
725	957
725	958
725	964
725	970
725	973
725	982
725	984
725	987
725	998
729	780
729	816
729	915
729	934
729	976
734	735
734	750
734	751
734	754
734	761
734	772
734	782
734	783
734	791
734	803
734	806
734	811
734	812
734	813
734	815
734	832
734	836
734	839
734	844
734	847
734	848
734	852
734	856
734	862
734	871
734	872
734	875
734	886
734	922
734	925
734	937
734	942
734	945
734	949
734	950
734	951
734	957
734	964
734	970
734	973
734	974
734	982
734	984
734	986
734	987
734	998
735	750
735	751
735	754
735	761
735	772
735	778
735	782
735	783
735	791
735	803
735	806
735	811
735	812
735	813
735	815
735	832
735	836
735	839
735	844
735	847
735	848
735	851
735	852
735	856
735	871
735	872
735	875
735	886
735	904
735	922
735	925
735	937
735	942
735	945
735	949
735	950
735	951
735	957
735	964
735	970
735	973
735	974
735	982
735	984
735	986
735	987
735	998
737	803
741	756
744	753
744	758
744	780
744	793
744	816
744	818
744	824
744	825
744	834
744	849
744	864
744	868
744	879
744	882
744	897
744	900
744	902
744	915
744	929
744	934
744	971
744	976
744	995
744	997
750	754
750	832
750	844
750	847
750	848
750	872
750	875
750	922
750	925
750	942
750	945
750	949
750	950
750	951
750	957
750	970
750	973
750	974
751	772
751	782
751	811
751	812
751	813
751	815
751	836
751	847
751	852
751	856
751	872
751	875
751	922
751	925
751	942
751	945
751	949
751	950
751	951
751	964
751	970
751	973
751	982
753	758
753	780
753	793
753	816
753	818
753	824
753	825
753	834
753	849
753	859
753	868
753	882
753	897
753	900
753	902
753	915
753	929
753	934
753	955
753	971
753	976
753	985
753	995
753	997
754	772
754	811
754	815
754	832
754	847
754	848
754	852
754	872
754	875
754	922
754	925
754	942
754	945
754	949
754	950
754	951
754	970
754	973
754	974
754	982
754	984
754	987
758	780
758	816
758	818
758	824
758	825
758	834
758	849
758	859
758	868
758	882
758	897
758	900
758	902
758	915
758	916
758	929
758	934
758	955
758	971
758	976
758	985
758	995
758	997
761	772
761	806
761	811
761	812
761	813
761	815
761	847
761	852
761	871
761	872
761	925
761	951
761	970
761	973
762	861
772	783
772	791
772	806
772	811
772	812
772	813
772	815
772	832
772	836
772	844
772	847
772	848
772	851
772	852
772	856
772	871
772	872
772	875
772	922
772	925
772	937
772	942
772	945
772	949
772	950
772	951
772	964
772	970
772	973
772	974
772	982
772	984
772	987
772	998
774	849
778	848
778	852
778	872
778	875
778	925
778	942
778	949
778	950
778	951
778	970
778	973
780	793
780	816
780	818
780	822
780	824
780	825
780	834
780	849
780	859
780	868
780	882
780	897
780	900
780	902
780	915
780	929
780	934
780	955
780	971
780	974
780	976
780	985
780	995
780	997
782	803
782	811
782	836
782	872
782	875
782	925
782	942
782	945
782	949
782	950
782	951
782	970
782	973
783	811
783	812
783	813
783	847
783	848
783	852
783	871
783	872
783	875
783	922
783	925
783	942
783	949
783	950
783	951
783	970
783	973
783	982
791	811
791	812
791	813
791	832
791	836
791	844
791	847
791	848
791	852
791	856
791	871
791	872
791	875
791	922
791	925
791	937
791	942
791	945
791	949
791	950
791	951
791	970
791	973
791	982
791	998
793	816
793	818
793	864
793	868
793	879
793	882
793	915
793	934
793	948
803	811
803	812
803	836
803	872
803	875
803	925
803	939
803	942
803	950
803	951
803	953
803	970
806	811
806	812
806	813
806	815
806	836
806	839
806	847
806	852
806	862
806	871
806	872
806	875
806	922
806	925
806	945
806	951
806	970
806	973
806	984
806	998
809	997
811	812
811	813
811	815
811	832
811	836
811	839
811	844
811	847
811	848
811	852
811	856
811	871
811	872
811	875
811	886
811	922
811	925
811	937
811	942
811	945
811	949
811	950
811	951
811	957
811	964
811	970
811	973
811	982
811	984
811	986
811	987
811	998
812	813
812	815
812	824
812	832
812	836
812	839
812	844
812	847
812	848
812	852
812	856
812	862
812	871
812	872
812	875
812	886
812	922
812	925
812	937
812	942
812	945
812	949
812	950
812	951
812	957
812	964
812	970
812	973
812	974
812	982
812	984
812	986
812	987
812	998
813	815
813	824
813	832
813	836
813	839
813	844
813	847
813	848
813	851
813	852
813	856
813	862
813	871
813	872
813	875
813	886
813	904
813	922
813	925
813	937
813	942
813	945
813	949
813	950
813	951
813	957
813	964
813	970
813	973
813	974
813	982
813	984
813	986
813	987
813	998
815	824
815	832
815	836
815	844
815	847
815	848
815	852
815	856
815	871
815	872
815	875
815	922
815	925
815	942
815	945
815	949
815	950
815	951
815	964
815	970
815	973
815	974
815	982
815	984
815	987
815	998
816	818
816	824
816	825
816	834
816	849
816	859
816	868
816	882
816	897
816	900
816	902
816	915
816	929
816	934
816	955
816	971
816	974
816	976
816	985
816	995
816	997
818	824
818	825
818	834
818	849
818	859
818	868
818	882
818	897
818	900
818	902
818	915
818	929
818	934
818	955
818	971
818	976
818	985
818	995
818	997
819	987
822	995
822	997
824	825
824	834
824	868
824	882
824	902
824	915
824	934
824	971
824	973
824	974
824	976
824	987
824	995
824	997
825	834
825	849
825	868
825	882
825	897
825	900
825	902
825	915
825	929
825	934
825	971
825	976
825	995
825	997
832	836
832	844
832	847
832	848
832	852
832	856
832	871
832	872
832	875
832	886
832	922
832	925
832	937
832	942
832	945
832	949
832	950
832	951
832	957
832	964
832	970
832	973
832	974
832	982
832	984
832	986
832	998
834	849
834	859
834	868
834	882
834	897
834	900
834	902
834	915
834	929
834	934
834	971
834	976
834	985
834	995
834	997
836	844
836	847
836	848
836	852
836	856
836	871
836	872
836	875
836	904
836	922
836	925
836	937
836	942
836	945
836	949
836	950
836	951
836	957
836	964
836	970
836	973
836	982
836	987
836	998
839	844
839	847
839	871
839	872
839	875
839	922
839	925
839	942
839	949
839	950
839	951
839	970
839	973
839	984
844	847
844	848
844	852
844	871
844	872
844	875
844	886
844	922
844	925
844	937
844	942
844	945
844	949
844	950
844	951
844	970
844	973
844	982
844	998
847	848
847	852
847	856
847	862
847	871
847	872
847	875
847	886
847	922
847	925
847	937
847	942
847	945
847	948
847	949
847	950
847	951
847	957
847	964
847	970
847	973
847	974
847	982
847	984
847	986
847	987
847	998
848	852
848	856
848	871
848	872
848	875
848	886
848	922
848	925
848	937
848	942
848	945
848	949
848	950
848	951
848	957
848	964
848	970
848	973
848	974
848	982
848	984
848	986
848	987
848	998
849	882
849	897
849	902
849	915
849	929
849	934
849	971
849	976
849	995
849	997
850	879
850	948
850	980
851	872
851	925
851	945
851	949
851	950
851	970
851	973
852	856
852	871
852	872
852	875
852	922
852	925
852	942
852	945
852	948
852	949
852	950
852	951
852	957
852	964
852	970
852	973
852	974
852	982
852	986
852	987
852	998
856	871
856	872
856	875
856	922
856	925
856	942
856	945
856	949
856	950
856	951
856	970
856	973
856	982
856	987
859	882
859	902
859	915
859	929
859	934
859	971
859	976
859	995
862	871
862	872
862	925
862	973
862	984
864	879
864	882
864	948
864	974
868	879
868	882
868	897
868	900
868	902
868	915
868	929
868	934
868	971
868	974
868	976
868	995
868	997
871	872
871	875
871	886
871	922
871	925
871	937
871	942
871	945
871	948
871	949
871	950
871	951
871	964
871	970
871	973
871	982
871	983
871	984
871	986
871	998
872	875
872	886
872	904
872	922
872	925
872	937
872	942
872	945
872	949
872	950
872	951
872	957
872	964
872	970
872	973
872	974
872	982
872	984
872	986
872	987
872	998
875	922
875	925
875	942
875	945
875	949
875	950
875	951
875	957
875	964
875	970
875	973
875	974
875	982
875	984
875	986
875	987
875	998
879	882
879	900
879	948
879	980
882	897
882	900
882	902
882	915
882	929
882	934
882	955
882	971
882	974
882	976
882	985
882	995
882	997
886	922
886	925
886	942
886	945
886	949
886	950
886	951
886	970
886	973
886	982
897	902
897	915
897	934
897	971
897	976
897	995
897	997
900	902
900	915
900	934
900	971
900	976
900	995
900	997
902	915
902	929
902	934
902	971
902	976
902	995
902	997
904	925
904	942
904	970
904	973
904	982
904	987
911	946
915	929
915	934
915	955
915	971
915	974
915	976
915	985
915	995
915	997
922	925
922	937
922	942
922	945
922	949
922	950
922	951
922	957
922	964
922	970
922	973
922	974
922	982
922	984
922	986
922	998
925	937
925	942
925	945
925	949
925	950
925	951
925	957
925	964
925	970
925	973
925	974
925	982
925	984
925	986
925	987
925	998
929	934
929	955
929	971
929	976
929	985
929	995
929	997
934	955
934	971
934	974
934	976
934	985
934	995
934	997
937	942
937	945
937	949
937	951
937	964
937	970
937	973
937	982
937	984
937	998
942	945
942	949
942	950
942	951
942	957
942	964
942	970
942	973
942	974
942	982
942	984
942	986
942	987
942	998
945	949
945	950
945	951
945	964
945	970
945	973
945	974
945	982
945	984
945	987
945	998
948	950
948	973
948	980
949	950
949	951
949	957
949	964
949	970
949	973
949	974
949	982
949	984
949	986
949	987
949	998
950	951
950	957
950	964
950	970
950	973
950	974
950	982
950	984
950	986
950	987
950	998
951	957
951	964
951	970
951	973
951	974
951	982
951	984
951	986
951	987
951	998
955	971
955	976
955	995
957	970
957	973
957	982
957	987
958	982
964	970
964	973
964	982
964	987
964	998
970	973
970	974
970	982
970	984
970	986
970	987
970	998
971	974
971	976
971	985
971	995
971	997
973	974
973	982
973	984
973	986
973	987
973	998
974	976
974	984
974	985
974	987
974	997
974	998
976	985
976	995
976	997
982	987
982	998
984	998
985	997
995	997
