0	5459
1	5460
2	5460
3	5461
4	5462
0	5463
4	5463
5	5464
6	5465
7	5466
8	5467
9	5468
10	5468
11	5469
12	5470
13	5471
6	5472
14	5472
15	5473
16	5474
17	5474
9	10
18	5475
19	5475
20	15
21	5476
22	5477
9	5478
23	5479
9	5480
24	5481
25	5482
26	5482
27	5483
28	5483
29	5484
30	5485
31	5486
32	5486
33	5486
34	5487
32	5488
9	5489
35	5490
36	5490
37	441
18	441
38	5491
39	5492
40	0
41	5493
42	5494
43	5495
44	5495
32	33
18	5496
45	5497
4	5498
9	5499
46	5500
47	5500
48	5500
49	5500
50	5500
51	5500
18	5501
4	5501
18	5502
3	5503
52	11
53	5504
9	5505
18	5506
54	5507
4	5508
55	5509
56	5510
9	5511
57	5512
58	165
9	5513
4	40
59	5514
41	45
60	5515
61	5515
62	5515
63	5516
64	5516
65	5516
66	5516
67	5516
35	4
68	5517
35	5518
23	5519
36	5520
69	5521
18	5522
70	5523
71	5524
72	5525
73	5526
74	5527
75	5528
76	5528
8	5529
77	61
71	5530
78	5531
79	5531
80	75
76	75
42	5532
81	5533
26	25
82	5534
55	5535
83	5536
84	5536
85	70
86	70
87	5537
57	5537
88	5537
89	5538
90	5539
62	5540
91	71
92	71
36	35
89	5541
78	5542
85	5543
81	6
89	5544
93	5545
80	5546
17	5547
94	5548
95	5548
96	60
97	62
96	83
87	5549
57	5549
95	5550
78	5551
88	57
98	5552
99	98
100	5553
55	5554
101	5554
88	87
9	87
102	38
55	38
101	38
103	38
17	5555
104	5556
92	85
105	5557
106	5558
107	5559
108	5559
109	5559
110	5559
111	5560
92	5561
92	5562
112	5563
84	5564
113	5565
114	90
80	76
115	76
17	5566
106	5567
91	92
116	5568
117	5569
118	115
80	115
119	100
55	103
55	1924
17	5570
120	5571
121	5572
122	5573
55	101
55	102
55	113
123	5574
124	5575
125	5576
125	5577
126	5578
127	5579
128	5580
34	5580
129	5580
130	5580
131	9
55	5581
132	5582
133	5583
134	5584
135	120
136	120
137	88
125	5585
129	34
128	34
130	34
138	5586
121	5587
139	5588
132	5589
140	133
141	133
142	133
143	5590
144	5590
145	5590
146	5590
147	5590
148	5590
149	5590
150	5590
151	5590
152	5590
153	5590
154	5590
155	5590
156	5590
157	5590
158	5590
42	5591
126	5592
159	138
160	5593
161	5593
162	5593
163	5594
164	5595
165	5596
166	5597
167	5598
168	5598
169	5598
170	5598
171	5599
172	5600
173	5600
174	5600
175	5600
170	5600
176	5601
177	5602
167	5602
170	5602
178	5603
179	5604
180	5604
181	5605
182	5606
183	5606
184	5606
185	5606
186	5606
187	5606
188	5606
189	5606
190	5606
191	5607
192	5608
167	5608
193	5609
194	5610
195	5611
196	5611
197	5612
198	5612
199	5612
200	5613
201	5614
202	5615
203	5616
204	5617
141	5617
205	5617
206	5617
207	5617
170	5617
208	5617
209	5617
177	5617
210	5617
211	5617
212	5617
213	5617
214	5617
174	5617
215	5617
216	5617
217	5617
218	5617
219	5617
220	5617
221	5618
178	5619
222	5620
223	5621
224	5621
225	5621
226	5621
227	5621
228	5621
229	5622
230	5623
231	5623
182	5623
232	5623
233	179
234	179
235	179
236	179
237	5624
193	5625
238	5625
239	5626
240	5626
241	5626
242	5626
243	5626
244	5626
245	5626
246	5626
247	5626
248	5627
170	5628
249	5628
250	5628
251	5629
252	5629
253	5630
178	5631
254	5631
143	5632
144	5632
147	5632
255	5632
150	5632
151	5632
256	5632
152	5632
153	5632
154	5632
257	5632
258	5632
158	5632
259	5632
260	5632
261	5632
262	5632
263	5632
264	5632
265	5632
266	5632
267	5632
268	5632
269	5632
270	5632
271	5632
272	5632
273	5632
274	5632
275	5632
276	5632
277	5632
278	5632
279	5632
280	5632
281	5632
282	5632
283	5632
284	5632
285	5632
286	5632
287	5632
288	5632
289	5632
290	5632
291	5632
292	5632
245	5633
293	5634
294	5634
295	5635
170	5636
254	5637
296	5637
178	5637
297	5637
206	216
298	216
299	216
300	216
301	216
302	216
303	5638
304	5638
305	5638
306	5638
307	5638
308	5638
309	5638
310	5638
311	5638
312	5639
313	5640
314	5640
315	5641
316	5642
317	5642
318	5642
319	5642
320	5642
321	5642
322	5642
323	5642
324	5642
176	5643
304	5644
325	5644
326	5644
327	5644
328	5644
329	5644
229	5645
330	5646
331	5647
332	5647
333	5647
334	5647
180	5648
335	5649
336	5650
337	5650
338	5651
339	5651
340	5652
341	5653
168	167
283	167
229	167
342	167
343	5654
344	5654
345	5654
340	5654
346	5654
347	5654
348	5655
349	5656
350	5656
348	5657
350	5658
178	5659
351	5660
352	5660
353	5660
354	5661
237	5662
355	5663
178	5663
286	334
356	312
357	5664
358	5664
359	5665
254	5665
360	5665
361	5665
355	5665
362	5665
297	5665
178	5665
363	5665
364	5666
73	5667
365	5667
349	5667
366	5667
367	5667
225	5668
368	5668
369	5668
370	5669
371	5669
229	5670
283	5670
372	5670
170	5670
373	5670
374	5670
210	5670
342	5670
375	5671
376	5672
377	5673
294	293
378	5674
379	5674
380	5674
231	5675
381	5676
382	5676
383	5676
384	5676
385	5676
386	5676
387	5676
388	5676
389	5676
390	5676
391	5676
392	5676
393	5676
394	5676
395	5676
396	5676
332	5676
397	5676
398	5676
399	5676
400	5676
401	5677
402	5677
247	5677
264	5677
403	5677
404	5677
242	5677
272	5677
405	197
198	197
406	214
407	214
177	5678
408	5678
409	5679
178	5679
410	5680
411	5681
412	5681
413	5682
414	5682
254	5683
178	5683
355	5683
363	5683
415	5684
365	5684
416	5685
366	5685
366	5686
417	5687
178	5688
178	5689
355	5690
418	5691
419	5692
178	359
420	5693
421	411
422	411
412	411
297	5694
423	5695
424	5696
424	5697
425	5697
426	5698
427	5698
428	5698
429	5698
430	5698
222	5699
431	5700
432	5701
433	5702
330	355
178	355
178	363
434	363
435	5703
436	5703
437	5704
438	5705
439	5706
440	5706
305	307
306	307
308	307
310	307
441	307
442	307
443	5707
196	5707
379	5707
380	5707
444	5708
437	5708
445	5708
421	366
73	366
446	5709
447	5710
448	5710
449	5710
450	5710
451	5710
452	5710
453	5710
454	5710
455	5710
456	5710
457	5711
458	5711
459	5711
442	5711
365	5712
286	5712
460	5712
224	226
409	5713
178	5713
461	5714
462	5714
107	5714
463	5714
464	5714
465	5714
466	5714
467	5714
468	5714
469	5714
470	5714
471	5714
472	5714
473	5714
474	5714
475	5714
476	5714
477	5714
478	5714
479	5714
480	5714
481	5714
482	5714
483	5714
484	5714
485	5714
486	5714
487	5714
488	5714
489	5714
490	5714
491	5714
492	5714
493	5714
494	5714
495	5714
496	5714
497	5714
498	5714
499	5714
500	5714
501	5714
502	5714
503	5714
504	5714
426	5714
505	5714
506	5714
507	5715
508	5716
509	5717
315	5718
510	5718
511	5719
512	5719
513	192
514	192
515	192
286	192
516	5720
425	5721
424	5721
517	5721
518	5721
421	5721
313	314
519	356
520	356
521	356
522	356
523	5722
524	5723
525	5723
406	5723
337	5724
526	5724
336	5724
527	5725
528	5725
529	5725
530	5726
531	5726
170	5726
532	5726
447	5726
533	5726
342	5726
534	5726
454	5726
535	5726
448	5726
452	5726
536	5726
168	5726
296	5726
537	228
538	228
539	228
540	228
541	228
542	228
448	228
543	228
544	181
362	181
545	5727
546	5727
547	5727
548	5728
209	211
549	347
550	347
551	347
552	347
410	347
553	347
554	347
555	5729
556	5729
557	229
558	229
559	229
560	229
561	229
562	306
563	306
561	306
564	5730
444	5730
445	5730
437	5730
444	5731
564	5731
445	5731
561	5732
565	517
518	517
425	517
273	421
566	421
567	421
568	421
415	421
569	421
354	507
570	515
571	210
447	210
448	210
206	210
170	210
535	210
530	210
572	210
573	210
574	210
575	210
368	210
576	210
577	210
578	210
377	5733
178	5734
579	330
296	330
580	330
360	330
581	330
582	5735
583	5735
584	5736
585	5736
586	5736
587	5737
588	5738
460	5739
338	5740
339	5740
178	5741
271	5742
281	5742
423	5743
371	5744
589	5744
590	5744
448	5744
591	5744
592	5744
593	5744
594	5744
595	5744
596	5745
597	5745
460	420
598	508
599	508
600	344
601	344
602	556
603	556
604	556
605	556
606	556
412	588
540	348
593	5746
607	572
608	572
609	5747
610	5747
611	5747
570	5748
484	5749
486	5749
494	5749
497	5749
612	5749
613	5749
614	5749
615	5749
616	5749
617	5749
618	5749
506	5749
619	242
620	242
621	242
622	242
623	242
624	242
625	242
626	242
627	242
274	242
628	242
629	242
630	242
631	242
178	5750
286	5751
539	5752
632	5752
633	5752
536	168
437	5753
271	5753
634	5753
444	5753
635	5753
636	5753
368	5754
576	5754
283	5754
637	5754
638	5754
639	5754
576	5755
637	5755
640	5755
535	5755
641	5755
642	5756
531	342
643	342
535	342
374	342
511	5757
512	5757
644	5757
645	5758
646	5758
647	5759
648	5760
590	5760
448	5761
649	5761
650	5762
170	5763
651	589
652	589
653	589
264	358
270	358
567	358
654	5764
647	5764
655	5764
649	5764
656	5764
657	5764
519	521
658	521
659	521
522	521
660	521
661	177
407	177
662	5765
663	5765
664	5765
665	5765
666	5766
667	5766
668	5766
669	5766
670	5766
555	5767
671	5767
672	5767
673	5768
674	5768
675	5768
676	5769
677	5770
678	5770
679	5770
680	5770
681	5770
682	5770
683	5770
684	5770
685	5770
686	5770
687	5770
688	250
173	250
175	250
170	250
689	250
690	250
174	250
691	5771
692	5771
693	5771
694	423
695	423
696	423
427	423
697	423
698	423
699	423
700	423
701	423
702	423
360	5772
178	5772
703	5772
704	5773
560	5774
561	5774
335	5775
705	5775
444	437
636	437
706	5776
707	5776
708	5777
497	5777
612	5777
617	5777
506	5777
618	5777
614	5777
616	5777
709	5777
615	5777
710	5778
512	5778
377	5778
535	5779
711	5779
531	5779
520	5780
712	5780
713	5780
714	5780
715	5780
716	5780
286	5781
717	5782
718	5782
458	5782
719	5782
720	5782
721	377
360	5783
722	5784
723	445
595	5785
590	5785
582	583
724	583
725	583
726	5786
269	5786
281	5786
727	5786
269	5787
726	5787
728	5788
439	5788
729	5789
730	5789
731	176
723	176
732	5790
632	5791
733	5792
734	5792
735	5792
736	5792
375	5792
375	5793
734	5793
737	5793
691	22
435	5794
436	5794
738	5795
739	5795
740	5795
741	5795
317	5795
742	5795
743	5795
318	5795
744	5795
745	5795
746	5795
747	5795
748	5795
749	5795
750	5795
751	5795
752	5795
257	5795
753	5795
754	5795
319	5795
755	5795
756	5795
757	5795
320	5795
323	5795
758	5795
759	5795
760	5795
324	5795
761	5795
762	5795
763	5795
764	5796
765	5796
766	5796
767	5796
500	501
495	501
497	501
768	5797
380	5797
364	5797
769	5798
186	5798
770	5799
771	5799
711	5799
726	5799
772	5799
281	5799
269	5799
773	5799
656	5799
657	5799
774	5799
775	5799
776	5799
630	5800
722	5800
777	5801
778	5801
779	5801
657	654
726	654
773	654
770	654
780	563
781	729
782	5802
549	5802
783	5803
784	5804
785	5804
786	5804
787	5804
512	644
788	5805
549	5805
789	5805
790	5806
791	5806
792	5807
567	5807
793	5807
794	5807
566	5807
349	5807
795	5807
365	5807
286	5807
796	5807
797	5808
286	5808
592	5809
798	5809
594	5809
799	5809
800	5809
801	647
657	647
802	647
803	647
804	647
219	208
805	5810
593	5810
269	5810
281	5810
798	5811
800	5811
448	649
806	649
807	649
657	649
281	649
808	649
809	5812
206	5812
810	5812
454	5812
811	5812
812	5813
813	5813
286	5813
559	5814
814	5814
815	5814
816	5814
817	5814
818	5814
819	539
820	539
694	539
452	539
821	539
822	539
823	539
824	539
825	539
826	539
231	539
827	539
828	539
829	539
830	539
831	539
297	539
832	539
833	539
834	810
835	810
836	5815
500	5815
570	5816
837	5816
838	5817
839	193
840	193
238	193
841	193
499	193
842	5818
843	5819
844	5819
845	5819
846	5819
847	5819
848	5819
849	5819
850	5819
851	5819
852	5819
853	5819
854	5819
855	5819
856	5819
857	5819
816	818
858	818
815	818
859	5820
511	5820
860	5821
861	5821
862	5821
863	5821
864	5821
865	5821
866	5821
867	5821
868	5821
869	5821
479	494
496	494
497	494
426	494
870	494
871	5822
727	726
283	726
269	726
281	726
872	5823
873	5823
281	5823
874	5823
727	5823
448	5823
656	5823
407	5824
875	5824
876	5825
769	5825
584	5826
585	5826
877	5827
878	5827
879	5827
880	5827
881	5827
882	5827
883	5827
884	5827
885	5827
886	5827
887	5827
888	5827
637	5828
889	5828
512	511
286	5829
813	5829
890	5830
891	5830
892	5830
893	5830
260	5830
894	5830
895	5830
896	5830
897	5830
898	5830
899	5830
900	5830
901	5830
669	5830
770	5830
902	5830
903	5830
904	5830
905	5831
663	664
662	664
906	5832
907	5832
908	5832
909	5832
910	5832
911	5832
912	5832
913	5832
914	5832
915	5832
916	5833
917	5833
798	5833
918	5833
919	5834
920	5834
921	5834
520	5834
922	5834
923	5834
924	5834
592	5834
767	5835
925	5836
811	5836
721	5837
926	5838
559	5838
616	693
927	412
928	412
841	839
354	839
637	5839
616	5840
636	444
929	444
930	5841
931	5841
932	5842
933	5842
934	5842
170	5842
935	287
936	287
937	286
272	286
938	286
939	286
940	5843
941	732
639	223
283	223
637	223
942	5844
646	5844
943	5844
645	5844
944	721
945	721
946	5845
947	5845
948	5845
949	5845
950	5845
951	5845
952	906
272	365
937	365
544	5846
953	938
272	938
954	5847
955	5847
956	5847
957	5847
958	5847
959	5847
960	5847
961	5847
962	5847
963	5847
964	5847
965	5847
966	5847
967	5847
968	5847
969	5847
970	5847
971	5847
972	5847
973	5847
974	5847
975	5847
976	5847
977	5848
978	5849
727	5850
281	5850
269	5850
219	5851
269	5851
979	5851
656	5851
500	446
592	590
923	590
593	590
980	590
981	590
982	5852
657	5852
983	369
984	369
985	369
225	369
493	5853
380	5853
986	5853
987	519
988	519
522	519
989	519
990	519
991	519
992	519
993	519
994	5854
995	432
996	5855
997	5855
983	782
985	782
448	782
984	782
622	782
998	782
225	782
534	283
535	283
270	283
999	940
733	375
736	375
734	375
1000	222
1001	632
1002	632
633	632
1003	5856
925	591
994	591
1004	5857
811	5858
1005	5858
925	5858
1006	5859
1007	5859
1008	516
1009	516
1010	516
855	516
1011	516
935	282
594	282
1012	1002
426	1002
1001	1002
526	1002
633	1002
1013	561
533	561
264	561
1014	561
372	561
560	561
1015	561
567	561
558	561
1016	561
1017	561
930	5860
931	5860
715	219
525	219
559	219
830	219
1018	219
1019	219
206	219
811	5861
633	5862
452	5862
1020	657
1021	657
774	657
1022	657
1023	657
349	5863
795	5863
537	808
542	808
543	808
1024	595
835	595
835	834
1025	834
1026	186
182	186
769	186
1027	186
1028	186
643	186
1029	5864
448	579
769	579
876	579
1030	5865
1031	5865
1032	676
1033	676
1034	676
932	676
170	676
569	676
1035	676
1036	676
1037	5866
1038	971
1039	971
1040	5867
1041	5867
1042	5868
594	5869
1043	5870
1044	5870
1045	841
1046	841
1047	841
1048	841
733	5871
1049	734
1050	5872
297	5872
1051	5872
633	5872
1052	5872
452	5872
1053	5872
790	5872
1054	281
269	281
1051	5873
297	5873
776	5874
1055	5874
275	5874
770	5874
1056	5874
773	5874
1057	5874
1058	5875
264	5876
1059	5876
1060	5876
1061	5876
1062	5876
1063	5877
831	5878
789	5878
322	323
1064	323
993	323
1065	323
742	323
1066	5879
1067	5879
1068	835
1069	835
1070	835
1071	835
1072	835
1073	835
1074	835
1075	835
1076	835
1077	835
1078	889
1079	889
1080	889
1081	727
1082	727
269	727
1083	727
805	727
1084	727
1056	727
616	5880
1085	5880
816	815
1086	5881
1087	5881
1088	5881
1089	5881
765	5881
1090	5882
1091	5883
1092	5884
1093	5884
1094	5884
1095	5884
1096	5884
1097	5884
1098	5884
1099	5884
1100	5884
236	5885
764	5885
1006	5885
427	426
428	426
526	426
430	426
429	426
1083	5886
269	5886
1056	1021
269	1021
1101	1021
1102	1021
894	1021
872	1021
1103	1021
275	1021
1054	1021
774	1021
1104	1021
1105	1021
652	5887
653	5887
1106	5888
1107	422
1108	422
1109	422
1110	422
1111	422
1112	422
1113	5889
1114	5889
1115	5889
1116	5889
1117	789
379	789
1118	5890
717	5890
773	5891
770	5891
1056	5891
1119	5891
1120	5892
1121	663
1122	663
1123	663
1124	663
1125	663
1126	663
263	5893
1127	718
1128	718
720	718
458	718
999	718
379	718
717	718
1129	5894
1130	5894
1131	5895
1132	633
1133	633
648	633
1134	633
1135	633
1136	633
1137	633
1138	633
1139	633
1140	633
1141	633
1142	633
1143	633
1144	633
1145	633
1146	633
542	5896
537	5896
541	5896
543	5896
655	5896
1147	5897
1148	5897
1149	5897
1150	5897
1151	5897
1152	5897
1153	5897
1154	5897
1155	5897
1156	5897
1157	218
406	218
174	218
1158	5898
1159	5898
1160	5898
1161	5898
1162	5898
1163	5898
1164	5898
1165	5898
1166	5898
1167	5898
1168	5898
1169	5898
1170	5898
1171	5898
1172	5898
1173	5898
1174	5898
1175	5898
1176	5898
1177	5898
1178	5898
1179	5898
1180	5898
1181	5898
1182	5898
1183	5898
1184	5898
1185	5898
1186	5898
1187	5898
1188	5898
1189	5898
1190	5898
1191	5898
1192	5898
1193	5898
1194	5898
1195	5898
1196	5898
1197	5898
1198	5898
1199	5898
1200	5898
1201	5898
1202	5898
1203	5898
1204	5898
1205	5898
1206	5898
1207	5898
1208	5898
1209	5898
1210	5898
1211	5898
1212	5898
1213	5898
1214	5898
1215	5898
1216	5898
1217	5898
1218	5898
1219	5898
1220	5898
1221	5898
1222	5898
1223	5898
1224	5898
1225	5898
1226	5898
1227	5898
1228	5898
1229	5898
1230	5898
1231	5898
1232	5898
1233	5898
1234	5898
1235	5898
1236	5898
1237	5898
1238	5898
1239	5898
1240	5898
1241	5898
1242	5898
1243	5898
1244	5898
1245	5898
1246	5898
1247	5898
1248	5898
842	5899
1249	5899
945	944
1250	5900
1251	5900
1252	5900
1253	5900
1254	5900
1255	5900
1256	5900
1257	5900
1258	5900
1259	5900
1260	5900
1261	5900
1262	5900
1263	5900
1264	5900
1265	5900
1266	5900
1267	5900
1268	5901
1269	5902
263	5902
1270	5902
1271	5902
1272	5902
1273	5902
357	5902
1274	5902
1275	5902
1276	5903
1277	5903
1278	5903
1024	5903
1279	5903
1280	5903
1281	5903
1282	5903
1283	5903
923	5903
1284	5903
811	5903
1285	5903
1286	5903
1287	5903
592	5903
1288	5904
1289	5904
1290	5904
1291	5904
1292	5904
824	5904
1052	5904
825	5904
829	5904
1118	5904
830	5904
297	5904
1293	5904
1056	1019
206	1019
1290	832
1294	832
1295	832
824	832
1296	832
825	832
1297	832
1298	832
1299	5905
838	5905
1300	5905
1301	5906
1302	5906
1303	5907
1304	5907
1139	5908
1305	5908
1306	5908
1307	5908
715	5908
1138	5908
1024	5908
799	5908
1308	5908
1309	5908
1310	5908
1311	5908
1134	5908
648	5908
1312	5908
1313	5908
1314	5908
371	5908
1315	5908
1135	5908
1316	280
1317	280
1318	280
260	280
1319	280
1320	280
263	280
1321	280
1322	280
1323	280
1324	280
1325	280
596	280
670	280
279	280
1326	280
1327	280
1328	280
1329	907
1330	5909
829	831
1067	5910
549	297
1331	297
1052	297
1332	297
1053	5911
549	5911
1052	5911
1016	1079
1333	1079
536	1079
616	1079
558	1079
637	1079
1334	1079
1335	1079
448	1079
1336	1079
576	1079
1337	1079
1338	1079
532	1079
943	1050
1052	1050
549	1050
1339	5912
1340	5913
715	5914
1341	5914
1342	247
1343	247
1344	247
1056	5915
701	5916
1302	1301
1345	1301
1346	1301
295	5917
368	535
531	535
1340	535
1347	535
1338	535
639	535
637	535
170	535
448	535
1084	535
576	535
1348	535
1349	5918
1350	5918
735	733
1351	5919
1352	5919
1353	5919
899	5919
1354	5919
903	5919
1056	5920
1076	594
1355	594
807	594
773	594
1356	594
711	594
1357	594
1358	594
1359	594
1360	594
1361	594
1072	594
1362	594
943	790
1040	5921
1363	5921
1364	5921
1365	5921
1366	5921
1041	5921
1367	5922
1368	5922
1369	5922
1370	5922
448	5922
1123	5922
1371	5922
1372	5922
1373	5922
345	5922
1374	5922
271	5922
1048	5923
1375	5924
371	5924
371	5925
1375	5925
1376	5925
1377	5925
1378	5926
1007	5926
1379	5926
264	1126
1380	5927
1381	5927
1030	5927
1382	5928
1383	5928
1125	5928
665	5928
1122	5928
1384	5928
1121	5928
448	5928
1385	5928
1386	5929
1387	5929
458	717
999	717
720	717
1388	5930
1389	5930
1390	5930
542	5931
823	5932
1295	5932
1391	5932
542	5933
543	5933
1056	5934
1056	5935
1132	5936
937	5937
272	5937
1119	5938
1055	5938
770	5938
1392	5938
1056	5938
1057	5938
773	5938
1393	1290
1394	1290
829	1290
945	5939
1395	5939
1396	5939
823	1399
1397	1399
1398	1399
1397	1398
1297	5940
1399	5940
1400	5941
360	5942
1401	5943
1056	5944
1056	5945
235	5946
1056	5947
770	5948
1119	5948
1340	5949
1402	5949
1056	5950
1056	5951
1403	5951
497	5951
1404	5951
1405	5952
1406	5953
1407	5953
674	5954
987	989
380	379
196	379
378	379
194	379
1408	5955
1056	1104
1409	1104
1410	1104
1255	5956
1411	5956
1257	5956
1258	5956
1259	5956
1412	5956
1260	5956
1261	5956
1262	5956
1263	5956
1413	5956
1264	5956
737	5957
1387	5957
764	5958
702	5959
1144	5959
1281	5959
1414	5959
1284	5959
1010	5959
1278	5959
918	5959
858	5959
1415	5960
1416	5961
999	5961
322	993
1417	5962
1418	5962
1419	5962
549	5962
1389	767
735	767
1390	767
1420	767
1421	767
766	767
737	767
1388	767
1387	767
1422	5963
1404	5963
1423	5964
1424	5965
985	984
1425	5966
1409	5966
1426	5967
1313	5967
1427	630
1428	630
616	5968
1429	5968
1430	5968
1097	5969
1095	5969
1099	5969
1094	5969
1431	5969
1098	5969
1092	5969
1093	5969
1100	5969
1432	5970
1433	5970
1434	5970
1435	5970
315	5970
1034	5970
1436	5970
1124	5970
665	5970
1437	5970
1438	5970
1439	5970
1440	5970
1056	779
778	779
1441	5971
1442	5971
1433	5972
1434	5972
665	5972
315	5972
1437	5972
1439	5972
1438	5972
182	769
876	769
1443	872
1444	872
1445	872
1376	872
1056	872
1446	872
1447	872
1448	872
1449	872
1450	872
1451	872
1452	872
1453	872
805	872
275	872
1083	872
1454	872
1455	872
1368	872
1456	872
1457	872
1458	872
1459	872
1460	872
1461	872
1462	872
567	5973
448	5973
1463	5973
264	5973
270	5973
569	5973
1464	5973
262	5973
301	5973
1465	5973
1466	5973
1467	5973
1468	5973
1016	5973
1348	5973
1469	5973
1470	5973
1335	5973
454	5973
1471	541
1472	541
543	541
448	541
1473	541
1474	541
1475	541
537	541
542	541
1476	541
1477	541
1434	5974
1435	5974
427	5975
1478	5975
1479	5975
1480	5975
1481	5975
1482	5975
698	5975
1483	5975
1484	5975
1485	5975
1486	5975
1144	5975
1482	5976
827	5976
1487	5976
698	5976
1488	5976
1489	5976
1485	5976
1481	5976
1490	5976
1484	5976
1491	830
1332	830
829	830
1118	830
1492	830
1493	830
1494	830
1495	5977
1496	5977
1497	5977
1473	5977
772	5977
1498	5977
900	5977
1499	5977
1056	5977
448	5977
1074	5977
1036	237
672	5978
295	5978
1371	5979
1372	5979
448	5979
1500	5979
1501	5980
1502	5980
1503	5980
1504	5980
1505	5980
1506	5980
1507	5980
1508	5980
1509	5980
1510	5980
1511	5980
1512	5980
1049	5980
1513	5980
1514	5981
1122	5982
711	5982
1056	5982
1515	5982
1516	5982
1517	5982
1518	5982
1519	5982
1520	338
774	1119
773	1119
770	1119
1056	1119
890	903
1521	903
1522	903
1523	903
1524	903
1525	903
1526	903
1527	1413
1528	1413
1529	1413
1261	1413
1257	1413
1262	1413
1260	1413
1530	1413
1264	1413
1531	1413
1259	1413
1532	5983
275	5983
1533	5983
1534	5983
805	5983
1084	5983
669	5983
1056	5983
585	5983
773	5983
1029	5983
1535	5983
1536	5983
1537	5983
1538	5983
1539	5983
1540	5984
1541	5984
1132	5984
1542	5984
1146	5984
1543	5984
1133	5984
626	5984
822	5984
1139	5984
1143	5984
1144	5984
1544	5984
1545	5984
827	5984
1426	5985
1546	5986
1547	5987
1548	5988
1006	5989
1388	5990
1421	5990
1549	5990
1056	269
1083	269
1084	269
1455	269
1550	269
1551	269
805	269
1552	269
549	626
1553	626
1554	626
1555	626
1419	626
1331	626
1052	626
1544	1142
1556	1142
1145	1142
1557	5991
1558	5991
1559	5991
1560	5991
1561	5992
1562	5993
448	5993
537	5993
543	5993
554	5994
1563	5994
791	5994
1464	5994
84	5995
1564	5995
1565	5995
823	5995
1566	5995
1567	5995
828	5995
707	248
1568	5996
639	5997
1569	5997
1570	5997
1571	5997
1572	5997
1051	5997
586	5997
1573	5997
979	5997
1574	5997
1575	5997
1576	5997
1577	5998
172	5998
175	5998
1578	5998
1579	174
172	174
1157	174
175	174
1578	174
1580	1084
1581	1084
1582	1084
1583	1084
270	1084
1584	1084
1585	1084
1586	5999
1587	5999
773	5999
1588	5999
1589	5999
1590	5999
1496	5999
1591	5999
1592	5999
1593	5999
919	371
370	371
1594	371
1595	371
923	371
714	371
799	371
1596	371
520	715
919	715
1597	1005
1598	1118
1599	1118
1600	1118
1601	1118
1492	1118
1493	1118
1494	1118
246	6000
272	6000
1412	1263
1602	1263
1530	1263
1603	1263
1262	1263
1260	1263
1604	6001
1605	6001
1606	6001
1607	6001
1579	6001
1608	6001
170	6001
408	6001
1577	6001
300	6001
1609	6001
172	6001
629	6001
1610	6001
1611	6001
1612	6002
1613	829
1614	829
1615	829
890	1320
1616	1320
1569	1320
1617	1320
1618	1320
1619	1320
1620	1320
260	1320
1576	1320
1621	1320
1622	1320
1623	1320
623	1320
1624	1320
1054	1320
1625	1320
1626	1320
1627	1320
775	1320
1571	1320
276	1320
1628	1320
979	1320
1629	1320
1630	1320
1631	1320
1632	1320
1633	1320
1634	1320
1635	1320
1636	1320
1637	1320
1638	1320
1639	1320
1640	1320
1641	1320
1642	1320
1643	1320
1644	1320
1645	1320
1646	1320
1647	1320
1648	1320
1649	1320
1650	1320
1651	1320
1652	1320
1653	1320
1654	1320
1655	1320
1656	1320
1657	1320
1658	1320
1659	1320
1660	1320
1661	1320
1662	1320
145	341
146	341
148	341
1663	341
1664	341
1665	341
155	341
1666	341
1667	341
1668	341
1669	341
1269	341
1318	341
261	341
262	341
263	341
1670	341
1271	341
1671	341
1672	341
1272	341
1673	341
1674	341
1675	341
1676	341
268	341
1677	341
936	341
1678	341
1679	341
1273	341
357	341
1571	341
1083	341
1680	341
1274	341
1681	341
1636	341
1682	341
1639	341
1683	341
1684	341
1685	341
1686	341
1275	341
1687	341
1688	341
1689	341
1690	341
1691	341
1328	341
1692	341
1693	6003
1694	6003
1056	6004
1387	1420
1390	1420
823	1397
1566	1397
1397	1397
1374	1384
1371	1384
1695	1384
1367	1384
497	617
612	617
613	617
614	617
615	617
1696	617
999	6005
407	406
1157	406
1697	1136
1698	1136
1699	1136
1700	1136
1701	1136
1702	1136
1703	1136
1704	1136
1705	1136
1706	1136
1707	1136
1708	1136
1709	1136
1710	1136
1711	1136
1712	1136
1713	1136
1714	1136
1715	1136
1716	1136
1717	1136
1718	1136
1719	1136
1720	1136
1721	1136
447	1136
1540	1136
1722	1136
1723	1136
452	1136
1724	1136
1725	1136
1726	1136
1727	1136
1728	1136
1488	1136
1729	1136
1730	1136
1135	1136
1093	1136
1731	1136
1732	1136
1733	1136
1734	1136
700	1136
531	1136
1735	1136
1143	1136
1736	1136
1144	1136
1737	1136
1738	1136
1739	1136
1740	1136
1741	1136
1742	1136
1743	1136
1744	1136
1745	1136
1746	1136
1747	1136
1748	1136
1749	1136
1750	1136
1386	6006
1751	6007
1752	6007
1753	6007
1754	6007
1755	6007
1756	6007
1757	6007
1751	1754
1758	1754
1759	302
1760	302
1761	302
1762	302
571	302
1269	302
1763	302
1764	302
448	302
1404	302
567	302
1765	302
262	302
1766	302
264	302
1337	302
1767	302
1768	302
1769	302
1770	302
1084	302
1348	302
270	302
1771	302
1463	302
1772	302
1016	302
277	302
1013	302
301	302
1464	302
1773	302
1774	302
1775	302
1776	6008
542	6008
821	6008
1777	6009
1778	6010
1779	6010
673	6010
1780	6010
1781	6010
1782	6010
1404	6010
675	6010
1519	6010
1577	175
1157	175
1783	6011
1784	6012
1785	6012
1786	6013
1056	6013
1787	6013
1144	918
1788	918
922	918
917	918
1789	544
1514	544
1790	544
1791	544
672	544
1792	544
443	194
1390	1387
1793	629
1604	629
1794	629
1795	629
1796	629
1797	629
1579	629
1798	629
1799	629
206	629
1800	629
170	629
1801	629
300	629
1609	629
1802	629
1610	629
1803	629
1094	1095
1092	1095
1100	1095
1093	1095
1804	1095
1805	1095
1431	1095
1097	1095
1096	1095
372	616
1085	616
1429	1430
1806	1332
1053	1332
703	1332
1807	6014
1808	6014
1809	6014
448	6014
1810	6014
264	6014
1811	6014
1812	6014
1813	6014
1043	6014
1814	6014
1815	6014
1650	6014
1816	6015
1817	6015
1818	6015
1819	6015
1820	6015
1821	6015
1822	6015
924	6015
1823	6015
799	6015
1824	6015
1825	6015
1826	6015
1827	1788
1828	1788
1594	1788
1829	1788
1830	1788
1777	1739
1735	1739
1541	1739
1736	1739
1831	1739
1144	1739
1832	1739
1833	542
448	542
1834	542
1835	542
1836	542
821	542
1837	542
1776	542
1838	542
1051	999
1464	999
1839	999
1416	999
1840	380
1841	380
196	380
92	279
1842	6016
1843	6016
1844	6016
1302	6016
823	828
824	828
1393	828
1845	6017
1534	6017
448	1368
1695	1368
1846	1368
1847	1368
1848	1368
1849	1368
1850	1368
1851	1368
1852	1368
1385	1368
1853	1368
271	1368
1854	1368
1500	1368
1374	1368
1367	1368
1680	1368
873	1368
874	1368
1855	1368
1856	261
1857	261
150	261
1858	261
1859	261
1860	261
259	261
1269	261
263	261
265	261
267	261
1672	261
357	261
1571	261
1861	261
1862	261
278	261
1863	261
1864	1319
1865	1319
1866	1319
448	1319
401	1319
1060	1319
262	1319
622	1319
264	1319
1670	1319
1867	1319
404	1319
1770	1319
1868	1319
1771	1319
1869	1319
1678	1319
1059	1319
1017	1319
276	1319
569	1319
1870	1560
945	1396
1249	6018
448	1372
1271	1274
263	1274
1871	1455
1571	6019
1872	6019
1627	6019
448	6019
1576	6019
1573	6019
1873	360
1874	360
675	1778
1875	1778
1782	1778
1876	1778
673	1778
1404	1778
1779	1778
1877	443
1507	1513
737	1386
1710	1738
1713	1738
1878	1738
1720	1738
1723	1738
452	1738
1879	1738
1072	1738
1880	1738
1018	1738
531	1738
1881	1738
1545	1738
1882	1738
1740	1738
1741	1738
1883	1738
1744	1738
1746	1738
1884	1738
1314	1024
1885	1024
1886	1024
1296	1024
1305	1024
1887	6020
1451	773
1056	773
1537	773
770	773
711	773
1534	773
1888	6021
1453	6021
1889	6021
639	576
372	576
637	576
1338	576
575	576
170	576
277	576
531	576
1578	172
1577	172
1890	172
1891	6022
1892	6022
1893	6023
1894	592
1895	592
1886	592
520	592
923	592
811	592
1341	592
799	592
1896	6024
1897	6025
1056	6025
1898	6025
1899	6025
1900	6025
1901	6025
1902	6025
1903	6025
1904	6025
170	6025
1905	6025
1906	6025
1103	6025
1823	1076
1335	1076
1357	1076
1355	1076
1056	1410
1907	6026
436	6026
1042	6026
1908	6026
1909	6026
435	6026
1910	6026
1911	6027
554	549
1481	1144
1912	1144
1731	1144
1483	1144
700	1144
427	1144
1913	1144
1484	1144
1914	1144
1482	1144
1143	1144
1915	1144
1487	1144
1478	1144
1489	1144
698	1144
1916	6028
1832	6028
1917	6028
1918	6028
1919	6028
1920	6028
1132	6028
1776	6028
1921	6028
1922	6028
1140	6028
660	6028
449	6028
452	6028
272	368
1923	6029
1348	6029
1013	6029
1924	6029
1925	6030
262	6030
1926	6030
1927	6030
1928	6030
639	6030
585	6030
1929	6030
1008	6030
1373	1367
1371	1367
1500	1367
1930	1374
1695	1374
1849	1374
448	1374
1931	1374
1500	1374
1932	1374
1371	1374
1373	1374
1369	1374
600	6031
343	1870
340	345
1933	1401
1934	1401
1935	1401
1936	1401
1937	6032
1938	6032
1939	6032
1940	6032
1404	6032
1941	6032
1942	6032
1943	6032
1944	6032
1945	6032
1946	6032
1947	6032
1948	6032
1949	6033
1950	6034
1951	6034
1388	737
735	737
1389	737
735	766
1090	766
1496	6035
1056	6035
1083	6035
1056	1592
1083	1592
1952	1592
1953	1592
1496	1592
1954	1592
581	296
1955	6036
692	6036
1956	6036
1957	6036
1546	6036
826	231
1958	231
1959	231
1960	231
458	231
230	231
1961	231
1962	6037
1963	6038
1964	6039
1965	6039
1966	6039
1967	6039
1968	6039
1969	6039
1541	1736
1831	1736
1832	1736
1970	1588
919	1588
1971	1588
802	1588
1972	1588
1359	1588
921	1588
1973	1588
1974	1588
806	1588
1975	1588
1976	1588
1977	1588
1978	1588
804	1588
585	1588
1928	1588
1979	1588
1980	1588
1094	1588
1981	1588
1056	6040
1982	6040
448	6040
1983	6040
1453	6040
1984	6040
1985	6040
1986	6040
1875	6040
1987	6041
1988	6041
1989	6041
1990	6041
1991	6041
1992	6041
1993	1567
1994	1567
1995	1567
1996	1567
1997	1567
1998	1567
1999	1567
2000	1567
2001	1567
2002	1567
2003	1567
2004	1567
2005	1567
2006	1567
2007	1567
2008	1567
2009	1567
2010	1402
1558	1559
1505	1049
1509	1049
2011	6042
1140	1137
1832	1137
1777	1137
1916	1137
1735	1137
2012	1137
1362	1361
1355	1361
1680	1535
669	1535
1932	1535
1536	1535
805	1535
2013	1535
1438	510
2014	1755
2015	6043
2016	6043
2017	6044
2018	6044
2019	6044
2020	6044
2021	6044
2022	522
987	522
2023	6045
1499	6045
2024	6045
771	6045
1496	6045
1453	6045
2025	6045
772	6045
1074	6045
2026	6045
2027	1875
2028	1875
2029	1875
2030	1875
2031	1875
2032	1875
2033	1875
448	1875
2034	1875
2035	1875
2036	1875
2037	1875
2038	1875
1982	1875
547	1875
1453	1875
2039	1875
1876	1875
2040	1875
2041	1875
2042	1875
2043	1609
2044	1609
2045	1609
2046	1609
2047	1609
2048	1609
2049	1609
1793	1609
2050	1609
1604	1609
2051	1609
2052	1609
2053	1609
2054	1609
2055	1609
2056	1609
2057	1609
2058	1609
2059	1609
2060	1609
2061	1609
2062	1609
2063	1609
2064	1609
2065	1609
2066	1609
1795	1609
2067	1609
2068	1609
2069	1609
2070	1609
2071	1609
2072	1609
2073	1609
2074	1609
2075	1609
2076	1609
2077	1609
2078	1609
2079	1609
2080	1609
2081	1609
2082	1609
2083	1609
2084	1609
2085	1609
1797	1609
1579	1609
2086	1609
2087	1609
2088	1609
2089	1609
2090	1609
2091	1609
1798	1609
2092	1609
2093	1609
2094	1609
2095	1609
1799	1609
2096	1609
2097	1609
2098	1609
2099	1609
2100	1609
2101	1609
2102	1609
2103	1609
2104	1609
1608	1609
170	1609
408	1609
300	1609
2105	1609
2106	1609
2107	1609
2108	1609
2109	1609
2110	1609
2111	1609
2112	1609
2113	1609
2114	1609
2115	1609
2116	1609
2117	1609
2118	1609
2119	1609
2120	1609
2121	1609
2122	1609
2123	1609
2124	1609
2125	1609
2126	1609
2127	1609
2128	1609
2129	1609
2130	1609
1094	1112
1784	1785
1350	1349
2131	777
1056	777
2132	777
2133	777
2134	777
2135	925
1341	925
2136	925
2137	925
2138	925
811	925
933	925
1306	1138
1312	1138
648	1138
1134	1138
1305	1138
2139	1138
2140	1603
1124	1603
1465	301
567	301
1348	301
150	278
259	278
2141	278
1269	278
263	278
2142	278
623	278
264	278
2143	278
2144	278
2145	278
1813	278
936	278
270	278
2146	278
2147	1877
2148	1877
2149	6046
1124	6047
1434	6047
2150	6047
2151	1083
1680	1083
1081	1083
1953	1083
1056	1083
1452	1083
805	1083
1862	1083
1583	1083
2152	6048
2153	6048
2154	6048
1056	6048
1786	6048
2155	6048
2156	6048
1970	979
2157	652
1899	652
651	652
2158	652
1286	652
1906	652
1341	652
2159	652
2160	827
1485	827
427	827
2161	827
2162	6049
2163	6049
2164	6049
2165	6049
822	6049
1134	6049
2166	6049
2167	6049
2168	6049
2169	6049
452	1545
1728	1545
1072	1545
1733	1545
1777	1545
1880	1545
1594	449
1777	449
1723	6050
1725	6050
2170	6050
1734	6050
2033	1454
448	1454
2171	1454
2035	1454
1056	1454
1534	1454
2172	1454
2173	1454
2174	1454
2145	1454
2175	1454
2024	1454
1101	1454
771	1454
772	1454
1451	1454
1453	1454
1984	1454
1550	1454
2176	1454
2177	1454
2178	1454
2179	1454
1388	1389
735	1389
170	6051
1056	6051
2023	2025
1056	2025
1453	1983
2180	1983
2035	1983
2181	1983
1056	1983
2182	1983
1982	1983
2033	1983
2183	1983
2035	6052
2183	6052
2182	6052
2184	6052
1056	6052
2185	6052
791	1563
554	1563
2180	6053
1404	6053
2186	1422
952	1422
2187	1422
914	1422
2188	1422
2189	1422
2190	1422
913	1422
1056	1901
2191	1901
2192	1901
1900	1901
170	1901
2193	1901
2194	1901
2195	1901
2196	1901
1551	6054
2197	6055
2027	6055
2198	6055
2199	6055
2200	6055
2201	6055
2202	6055
2203	6055
1056	6055
2204	6055
2039	6055
2205	6055
2206	6055
2207	6055
2208	6055
2209	6056
1056	6056
2206	6056
2207	6056
2210	6056
2211	6056
2212	6056
2208	6056
2213	434
2214	434
703	434
651	6057
600	6057
2215	6058
692	6058
2216	6058
2217	1956
2218	1956
1546	1956
2219	1956
2220	1956
2221	1956
2222	1956
2223	1956
547	1956
2224	1956
2225	1956
2226	1956
2227	1956
2228	1956
2229	1956
2230	1956
2231	1956
2232	1956
2233	1956
2234	1956
1955	1956
1876	1956
1940	1947
1944	1947
2235	1947
1938	1947
1942	1947
1404	1947
1945	1947
1943	1947
1939	1947
2236	1947
2237	6059
2238	6059
2239	6059
2240	6059
2241	6059
2242	6059
509	6060
894	774
1056	774
2243	774
2244	774
2245	774
2246	774
2247	774
2248	774
2249	774
2250	774
2251	774
803	774
1057	774
1498	774
804	774
670	774
2252	774
770	774
2253	774
275	774
2254	774
1621	1573
2255	1573
2256	1573
1571	1573
1056	1573
1576	1573
821	1897
2257	1897
1341	653
1899	653
1906	653
2157	653
2258	653
704	653
1287	653
2259	672
1792	672
1439	1034
1433	1034
1930	1034
315	1034
1067	1034
1437	1034
2260	1034
1124	1034
1440	1034
1436	1034
2261	262
1764	262
260	262
567	262
264	262
244	262
2262	262
1770	262
1771	262
1017	262
1016	262
274	262
277	262
554	1053
1052	1053
1553	6061
2263	6061
2264	6062
2265	6062
2266	6062
2267	6062
2268	6062
2269	6062
1255	1262
1258	1262
1259	1262
1528	1262
1260	1262
1264	1262
1260	1261
1602	1261
1531	1261
2270	6063
2271	6063
2272	6063
2273	6063
2274	6063
2275	6063
2276	6063
2277	6063
2278	6063
2279	6063
2280	6063
2281	6063
2282	6063
2283	6063
2284	6064
2285	1680
448	1680
2286	1680
1982	1680
1847	1680
1862	1680
2287	1680
2151	1680
2288	1680
1980	1680
2289	1680
2290	1680
2291	1680
2292	1680
2293	1680
1823	1824
1817	1824
2213	1824
2294	1440
1436	1440
1927	1960
1991	1989
2295	6065
2296	6065
2297	6065
2298	6065
2299	6065
2300	6065
2301	6065
2302	6065
2303	6065
1950	6065
2304	6065
2305	6065
2306	6065
343	6066
340	6066
1419	1555
1052	1555
1331	1555
2307	1555
1554	1555
2308	1555
2309	1555
264	1469
1059	1469
2310	1469
454	1469
1016	1469
1771	1469
2311	1469
1465	1469
2312	1037
2313	6067
2314	6067
2315	6067
2316	6067
2317	6067
1876	673
2318	673
547	673
2319	673
2037	673
674	673
2320	673
2321	673
2322	6068
2291	6068
1056	6068
2323	6068
448	1338
771	1338
639	1338
2324	1471
543	1471
1836	1471
537	1471
2325	1471
2257	1471
1362	1471
1854	1471
448	1471
2326	1471
1473	1471
821	1471
1474	1471
1977	1471
2327	1471
2328	1471
2329	1471
2330	1471
1861	1471
2331	1471
1360	1471
1980	655
771	655
340	343
1509	1507
1505	1507
1124	2150
1056	1081
1847	1081
2332	1081
2333	1081
2285	1081
2151	1081
2334	1081
2335	1081
805	1081
275	1081
1861	1081
2336	6069
2337	6069
2338	6069
2339	6069
2340	6069
2341	6069
1869	6069
2342	6069
2343	6069
2344	6069
2345	6069
2346	6069
1379	6069
2347	6069
2348	6069
2349	6070
1056	6070
2256	6070
2318	6070
2350	1463
2351	6071
1025	6071
2352	6071
2353	6071
1086	1088
213	1782
893	1782
2354	1782
674	1782
2355	1782
547	1782
2356	1782
2357	1782
2321	1782
2358	1782
1781	1782
2359	1782
2360	1782
2361	1782
675	1782
1536	1782
2362	1782
2363	1782
1549	6072
1056	2193
2364	2193
2191	2193
2195	2193
2365	2193
1900	2193
452	1140
1735	1140
2012	1140
1722	1140
1916	1140
2366	1734
2367	1734
2368	1734
1723	1734
2369	1734
697	1734
2370	1734
1725	1734
2371	1734
2372	1734
2170	1734
2373	1734
1728	1734
1488	1734
1729	1734
2374	1734
2375	1734
1485	1734
1072	1734
1733	1734
700	1734
1735	1734
2376	1734
2377	1734
1143	1734
2378	1734
1881	1734
2379	1355
1357	1355
1358	1355
537	1355
1473	1355
1466	567
1765	567
1465	567
2380	567
2381	567
1770	567
1929	567
2144	567
1017	567
2382	567
2383	567
1772	567
264	567
260	567
277	567
2384	567
1767	567
270	567
2385	567
1013	567
2386	567
2387	567
1467	567
1016	567
448	567
1868	567
1036	567
2281	2274
2313	2316
2317	2316
2315	2316
2314	2316
2388	2316
2361	675
2321	675
2389	675
2390	675
213	675
2362	675
1517	675
2391	675
1536	675
2355	675
2356	675
2012	1831
448	1020
1781	1020
894	1020
2392	1020
2393	1020
2394	1020
2395	1020
1499	1020
668	1020
2396	1020
2397	1020
2398	1020
898	1020
2399	1020
2400	1020
803	1020
2401	1020
1976	1020
1533	1020
2402	1020
2403	1020
2404	1020
1102	1020
669	1020
670	1020
805	1020
770	1020
2405	1020
2253	1020
2406	1020
2407	1020
2254	1020
1591	1020
1519	1020
2408	1020
894	2334
2399	2334
1533	2334
670	2334
775	2334
2409	2334
1056	2334
2410	2334
2405	2334
2253	2334
2400	2334
1359	807
806	807
585	807
1735	807
2411	674
2412	674
2413	674
2414	674
2415	674
2416	674
2417	674
2356	674
2418	6073
2419	6073
2420	6073
2421	6073
2155	6073
275	6073
1056	6073
2422	6074
2423	6074
2424	6074
2425	6074
1378	6074
352	6074
2426	6074
2427	6074
2428	6074
447	2202
1056	2202
1375	2202
2429	2202
2430	6075
1056	6075
2431	6075
2432	6075
2433	6075
1533	1982
1056	1982
1980	1982
2434	1982
1056	1452
816	598
454	598
2435	598
2436	598
206	598
2437	598
1341	598
2438	598
816	926
2258	926
2439	926
2437	926
206	926
2438	926
454	926
2440	559
2441	559
206	559
1025	559
1067	1433
2442	6076
1970	6076
2443	6076
2444	6076
2445	6076
2446	6076
2447	6076
1977	6076
2448	6076
2449	6076
2450	6076
2451	6076
2452	6076
2453	6076
2454	6076
2455	6076
2456	6076
2457	6076
2458	6076
2459	6076
2342	273
1062	1059
2460	1059
2405	1059
2461	1059
1670	1059
1060	1059
404	1059
650	1059
2254	1059
1340	1059
638	1059
264	1059
1056	2196
2432	2196
2433	2196
2462	2196
2463	6077
2464	6077
1881	6077
1041	933
1597	933
1365	933
1366	933
1363	933
1364	933
2465	1295
2466	1295
2467	1295
2468	1295
2469	1295
823	1295
1391	1295
825	1295
1056	6078
2470	2256
1621	2256
1056	2256
2471	2256
2472	2256
2473	2256
2035	2256
2318	2256
2035	2429
2318	2429
2470	2429
1056	2429
2356	1105
1103	1105
1056	1105
275	1105
1269	6079
448	6079
263	6079
1766	6079
622	6079
2474	6079
1062	6079
1337	6079
404	6079
2475	6079
1582	6079
1771	6079
2476	6079
569	6079
2477	6079
2475	6080
642	372
560	372
1946	6081
794	792
2478	792
349	792
2479	6082
272	1006
2401	1006
764	1006
2367	1733
2480	1733
2368	1733
697	1733
1725	1733
2170	1733
2373	1733
2374	1733
2375	1733
2464	1733
700	1733
2376	1733
2377	1733
1143	1733
1881	1733
2317	2314
2313	2314
2339	2346
1549	6083
2481	2356
2361	2356
2355	2356
2482	2356
2483	2356
1536	2356
2484	2356
2485	2356
2321	2356
1404	2356
2486	2356
2487	2356
2488	2356
2421	2356
2489	2356
2490	2356
2491	1584
2492	1584
2493	770
2494	770
2495	770
2496	770
2497	770
2498	770
2499	770
2500	770
2501	770
448	770
802	770
1781	770
894	770
2392	770
2502	770
2394	770
668	770
2398	770
2399	770
2400	770
803	770
2401	770
1976	770
2402	770
669	770
2254	770
1591	770
1519	770
2503	770
2504	770
2408	770
2505	770
823	825
2506	2345
2507	2345
2508	2345
2509	2345
2510	2345
2511	2345
2512	2345
2513	2345
2514	2345
2515	2345
2516	2345
2517	2345
2518	2345
2338	2345
2339	2345
2519	2345
264	2345
2520	2345
1670	2345
2521	2345
2522	2345
1677	2345
2341	2345
1869	2345
2343	2345
2344	2345
1379	2345
2523	2345
2524	2345
2525	2345
2526	2345
2527	2345
2528	2345
2529	2345
2530	2345
1419	1052
1599	1052
2531	1052
2309	1052
2532	1052
1331	1052
943	1052
2533	2462
1056	2462
2534	2462
1905	2462
2535	2462
2536	2462
2537	2462
2538	2462
2195	2462
2191	2462
2539	2462
2323	2291
1056	2291
2539	2291
2471	2470
2035	2470
1056	2470
1787	2470
1576	2470
2540	2470
1056	2418
2541	2418
2542	1571
1576	1571
1621	1571
1623	1571
2255	1571
1054	1571
2543	1571
1627	1571
775	1571
1678	1571
638	1571
1628	1571
1639	1571
2544	1571
2545	1571
1644	1571
585	1928
1972	1928
1973	1928
1977	1928
1979	1928
1971	1928
1094	1928
538	1823
821	1823
1839	1051
2546	1051
2547	1051
2548	6084
730	6084
2549	6084
196	6084
2550	6084
1615	6084
2551	6084
2552	6084
1331	2242
2553	2242
2548	2242
2308	2242
500	2242
1106	2242
2554	1075
2377	1723
1881	1723
1902	2534
2555	2534
1900	2534
1056	2534
1905	2534
2556	2355
2557	2355
2416	2355
2558	2355
1536	2355
670	6085
1103	6085
2400	6085
1861	537
1362	537
1475	537
448	537
2331	537
953	537
2257	537
1473	537
543	537
2327	537
2326	537
2400	2405
1060	2405
896	2405
2559	2405
264	2405
1340	2405
597	2405
2560	1550
1056	1550
1449	1550
2174	1550
1453	1550
2561	1550
2309	1601
2562	2012
452	2012
1724	2012
2563	2012
1726	2012
1132	2012
2564	2012
1727	2012
2565	2012
1916	2012
1404	2039
700	1735
1970	585
2566	585
1622	585
919	585
1971	585
1972	585
2567	585
2568	585
1359	585
921	585
1973	585
1974	585
2569	585
1850	585
806	585
1853	585
2570	585
1975	585
1854	585
1976	585
2571	585
1977	585
776	585
1979	585
2572	585
1981	585
2573	2561
2335	2561
2285	2561
1437	1439
315	1439
1436	1439
436	6086
2574	6086
2575	6087
2576	6087
2577	6087
2578	6087
2579	6087
2580	6088
1428	1427
1404	2180
1505	1508
1511	1508
1510	1508
1506	1508
1056	805
1404	1536
2581	1536
2582	1536
2416	1536
2420	1536
2583	1536
997	1536
2252	1536
2254	1536
2584	1536
2585	6089
2586	6089
2587	6089
2013	6089
2588	6089
2589	6090
2590	6090
394	6090
2591	6090
2592	6090
1129	6090
448	6090
2593	6090
1847	6090
2594	6090
635	6090
2332	6090
2595	6090
2596	6090
2597	6090
2598	6090
270	6090
2599	6090
2342	6090
1854	6090
638	6090
1861	6090
2600	6090
2601	6090
2602	6090
2603	6090
2604	6090
2400	670
1082	670
2605	670
2606	670
2607	670
1121	670
2253	670
1437	2260
1436	2260
1437	2294
1436	2294
1583	637
448	637
1008	637
270	637
2608	637
639	637
1394	637
2609	637
2383	637
575	637
1926	637
170	637
643	637
277	637
1576	637
2610	637
277	531
2611	531
639	531
2273	2276
2283	2276
2612	2275
2613	6091
1071	6091
1041	6091
1365	6091
2614	6091
1426	6091
452	1919
1776	1919
1916	1919
2615	1919
1922	1919
2137	1341
2437	1341
2616	1341
2617	1341
2138	1341
2618	1341
2619	1341
2620	1341
454	1341
2621	811
245	811
2622	811
923	811
1822	811
1312	858
1285	858
1276	858
2623	858
1305	858
1010	858
642	1391
2624	1358
2331	1358
1056	2318
2625	1871
2152	2541
2626	2541
2420	2541
1056	2541
2419	2541
2154	2541
2627	295
2628	295
2629	295
2630	295
2631	295
2632	295
2633	295
435	295
1980	1932
803	669
2400	669
1101	669
2254	669
2252	669
274	669
1122	669
2502	669
2403	669
894	669
1055	669
2404	669
2634	669
2635	669
2402	669
2399	669
1786	2293
1862	2293
1847	2293
1354	784
787	784
785	784
2566	784
448	784
2636	784
2637	6092
1950	6092
1404	1962
1343	1962
1343	1110
2145	1110
2638	1110
1854	1110
1107	1110
1729	1018
1879	1018
1730	1018
2639	1018
452	1018
206	1018
2375	1018
2367	1018
2640	1018
1010	1287
1899	1287
1279	1287
2641	1287
1282	1287
1285	1287
1286	1287
2642	1287
2643	1305
2644	1305
713	1305
648	1305
2645	1305
1308	1305
714	1305
1426	1305
919	1305
1306	1305
1595	1305
1312	1305
2646	1305
2647	1305
1056	2155
2648	2155
2649	2155
2536	2155
2650	2155
2154	2155
1828	6093
1056	6093
1061	6093
2651	6093
2652	6093
2653	1621
1576	1621
641	1621
448	1621
2654	1621
1986	1621
1872	1621
1732	1621
775	1621
1628	1621
1637	1621
1638	1621
2655	1621
2656	1621
1036	569
2657	569
558	569
2658	569
170	569
1467	569
2659	569
2660	569
1582	569
2661	569
639	569
932	569
1015	569
586	569
2662	569
448	569
2663	569
2664	569
1333	569
264	569
720	569
2665	569
2666	569
2667	569
2668	569
2669	458
328	458
2670	458
325	458
2671	458
326	458
327	458
1441	1442
2672	6094
699	6095
2673	6095
2352	2353
1025	2353
2022	2353
2351	2353
2195	1900
1056	1900
2191	1900
2420	2626
2674	2626
2675	2626
1056	2626
2285	6096
2285	1862
1847	1862
2676	1013
622	1013
1767	1013
264	1013
2677	1013
2678	1013
533	1013
2679	1013
1016	1013
2680	1013
2416	6097
2557	6097
2634	6097
2681	6097
2682	6098
2683	6098
1122	6098
2684	6098
2685	6098
1781	1519
823	1519
2686	1519
2377	1881
2372	1881
1143	1881
1139	1881
700	1881
1486	1881
2687	1881
2688	1881
1917	1134
2689	1134
1141	1134
2690	1134
2691	1134
1306	1134
1314	1134
1135	1134
1308	1134
648	1134
1139	1134
2139	1134
1299	1300
823	1566
435	436
1909	436
1908	436
2692	436
2693	436
1907	436
2633	436
2694	436
2695	436
1910	436
2218	2231
2223	2231
2696	2231
2225	2231
2228	2231
2697	6099
987	6099
2698	6099
1541	2378
1915	2378
1482	2378
694	2378
2699	2378
1135	2378
2700	2378
2701	2378
2702	2378
1490	2378
1486	2378
2703	2378
2687	2378
2704	2378
427	2378
2705	2378
1313	6100
2706	6100
1426	6100
2623	6100
2707	6100
2708	826
230	826
2227	1876
2709	1103
275	1103
1056	1103
2710	1103
2358	1103
2606	1103
2711	1103
2712	1103
2713	1103
2714	1103
2715	1103
2634	1103
2716	1103
2717	1103
1847	1585
2718	1585
2719	1585
1583	1585
2720	1585
2721	1585
2325	1473
1474	1473
543	1473
2331	1473
1853	6101
2722	6101
1056	6101
2341	6102
1379	6102
2339	1379
2223	2225
2227	2225
2723	2225
1546	2225
2724	2225
1435	2225
2725	2225
2726	2225
2727	2225
2728	2225
2218	2225
2233	2225
2265	2267
2264	2267
2269	2268
2264	2268
1331	1554
1506	1511
1965	1968
1967	1968
2729	6103
2730	6103
1801	6103
2731	6103
2732	6103
2733	6103
1800	6103
1094	6103
2734	6103
2735	6104
2736	2352
1094	1097
1431	1097
1804	1097
1092	1097
1099	1097
2737	1097
1093	1097
1100	1097
1805	1097
2738	641
206	641
533	641
1056	2419
2154	2419
1537	2419
2739	2229
1404	2229
2740	2229
2232	2229
2741	276
2742	276
2743	276
2744	276
2745	276
2746	276
2747	276
2748	276
2749	276
2750	276
2751	276
2752	276
2753	276
2754	276
2755	276
2756	276
260	276
448	276
2757	276
1343	276
264	276
2758	276
2759	276
2760	276
2761	276
2762	276
2763	276
2764	276
867	276
2765	276
2766	276
2767	276
2768	276
2769	276
2770	276
2771	276
2772	276
2773	276
2774	276
2775	276
2776	276
2777	276
2778	276
2779	276
2780	276
2781	276
2782	276
1853	1500
2783	1500
1931	1500
1373	1500
1695	1500
1849	1500
1371	1500
235	1549
2784	1549
2785	351
2717	6105
2786	6106
2787	6106
2788	6106
2368	1143
1485	1143
2372	1143
2377	1143
700	1143
1143	2377
2377	2377
2368	2377
700	2377
1899	1286
2789	1286
2790	1286
2791	799
919	799
2792	799
2793	799
2554	799
1895	799
1820	799
2621	799
2794	799
2795	799
1533	1980
1056	1980
1054	1082
2796	1082
1986	1082
1970	1979
448	1979
1622	1979
919	1979
1971	1979
1834	1979
2797	1979
2568	1979
1359	1979
921	1979
2798	1979
1973	1979
1974	1979
2799	1979
2800	1979
2399	1979
806	1979
2801	1979
1732	1979
1975	1979
1854	1979
1976	1979
2402	1979
1977	1979
2403	1979
2802	1979
1861	1979
2803	2254
2804	2254
803	2254
2634	2254
1533	2254
2252	2254
2400	2254
894	2254
2250	2254
2399	2254
1122	2254
2805	2254
1837	2407
896	2407
787	2407
2806	2407
2807	2407
786	2407
2680	2407
1325	2407
448	2407
264	2407
2341	2407
2315	2317
2808	1843
1842	1843
1844	1843
2809	1843
2810	1843
2811	1843
2812	943
2219	6107
2227	6107
2232	6107
2740	6107
942	6108
2813	6109
2814	6109
170	2732
1801	2732
2730	2732
2815	1869
2510	1869
2511	1869
2514	1869
2515	1869
2816	1869
2517	1869
2338	1869
2339	1869
2519	1869
264	1869
2817	1869
2818	1869
2520	1869
1670	1869
2521	1869
2522	1869
1677	1869
2341	1869
2343	1869
2344	1869
2530	1869
1438	1067
2417	2420
2416	2420
2482	2420
2819	2420
2485	2420
2315	2388
2820	1615
500	1615
2821	1615
2822	1615
2823	1615
2824	1615
2549	1615
2548	1615
196	1615
2551	1615
2825	1615
2552	1615
1615	2548
196	2548
2826	2548
2549	2548
264	349
221	349
2827	349
2828	349
2829	349
1772	349
277	349
1764	2478
1608	2478
264	2478
2830	2478
243	2478
2676	2478
403	2478
2827	2478
2385	2478
2678	2478
2659	2478
272	2478
1017	2478
2829	2478
2171	1451
2831	1451
2173	1451
2035	1451
2832	1451
2833	1451
2033	1451
1056	1451
2026	1451
2834	1451
2835	1451
2024	1451
439	566
415	566
272	566
1771	566
1017	566
983	1107
1910	1908
2692	1908
2836	6110
1056	6110
2837	6110
448	775
2410	775
1622	775
1056	775
2838	775
2839	775
260	1679
1850	1679
268	1679
2840	6111
427	6111
712	6111
2372	6111
698	6111
2687	6111
2841	6111
2842	6111
1483	6111
2165	6111
1827	6111
922	6111
714	6111
1486	6111
2843	6111
2844	6111
2845	2789
2846	2789
2847	2789
1894	2789
2848	2789
2849	2789
2850	2789
2851	2789
2790	2789
2852	2789
2853	2789
1056	6112
1905	6112
2854	2634
2855	2634
2856	2634
2857	2634
2858	2634
2487	2634
2859	2634
2860	2634
2861	2634
1781	2634
2862	2634
2863	2634
2864	2634
2865	2634
2866	2634
2867	2634
2360	2634
2868	2634
2869	2634
2870	2634
2871	2634
2872	2634
2804	2634
2581	2634
2358	2634
2873	2634
2874	2634
1101	2634
2400	2634
2875	2634
1517	2634
2599	2634
2416	2634
2411	2634
2583	2634
2805	2634
2404	2634
2876	2634
2877	2634
1498	2634
2252	2634
2878	2634
2879	2634
2880	2634
2881	2634
1056	6113
2882	6113
2252	6113
2883	6113
2884	6113
2885	6114
2886	6114
2887	6114
2888	6114
2227	6114
1404	6114
2889	6114
2890	6114
2891	6114
2892	6114
2893	6114
2894	6114
2895	6114
2896	6114
2728	6114
2897	6114
2898	6114
2899	6114
2900	6114
2415	6114
2901	6114
547	6114
2902	6114
2903	6114
2319	6114
2904	6114
2232	6114
2905	6114
1946	6114
2906	6114
2907	6115
2908	6115
1056	6115
2909	6115
2141	1678
2910	1678
448	1678
401	1678
1060	1678
1766	1678
264	1678
404	1678
2759	1678
2911	1678
2760	1678
2144	1678
1673	1678
2761	1678
2912	1678
574	1678
2610	1678
1636	1678
2913	1678
1362	2331
953	2331
448	2331
2914	2331
2624	2331
2330	2331
821	538
315	1437
2915	1437
665	1437
2916	1437
2917	1437
2918	6116
639	558
1951	1950
1830	699
800	798
2919	6117
2836	6117
2920	6117
2921	6117
2837	6117
2922	6117
1056	6117
2923	6117
2924	6117
711	6117
2925	6117
2540	2421
2875	2421
1056	2421
2358	2421
2539	2421
2717	2421
2363	2421
2883	2421
2926	2421
2919	2421
2927	2421
2928	2421
1537	2421
2929	2421
2930	6118
2931	6118
1888	6118
2932	6118
2933	6118
1056	6118
2934	6118
2935	6118
1889	6118
2936	6118
2937	6118
2415	2416
2482	2416
2583	2416
2359	2416
2938	2416
2319	2416
2902	2416
2939	2416
2900	2416
2940	2416
2681	2416
2882	2416
1498	2416
2941	2416
2897	2416
2942	2416
448	2342
1847	2342
2332	2342
2595	2342
2596	2342
2598	2342
1854	2342
1325	2762
264	2762
271	787
448	787
1837	787
1354	787
786	787
2943	787
2944	787
586	787
2945	787
785	787
627	787
2566	787
2946	2685
2947	2685
2948	2685
2682	2685
1122	2685
2949	2685
2950	2685
2951	2685
2952	2685
2953	2685
2954	6119
2955	6119
1056	6119
1108	6119
2956	6119
2957	230
2958	230
2959	230
2960	230
1992	1991
2961	1991
1987	1991
1363	1073
1069	1073
2962	1073
700	2368
2372	2368
1830	1828
2391	6120
2482	6120
2963	6120
2964	2152
1056	2152
2965	2152
2928	2152
2966	2152
2967	2152
2919	2152
2717	2152
844	854
846	854
847	854
850	854
855	854
857	854
2968	853
2969	853
2970	3010
2971	3010
2972	3010
2973	3010
2974	3010
2975	3010
2976	3010
2977	3010
2978	3010
2979	3010
2980	3010
2227	3010
2981	3010
1056	3010
2982	3010
2983	3010
2984	3010
2985	3010
2986	3010
2987	3010
2988	3010
2989	3010
2990	3010
2991	3010
2992	3010
2993	3010
2994	3010
2995	3010
2996	3010
2997	3010
2998	3010
2999	3010
3000	3010
3001	3010
3002	3010
3003	3010
3004	3010
3005	3010
3006	3010
3007	3010
3008	3010
2739	6121
2891	6121
2982	6121
3009	6121
3010	6121
3011	6121
2904	6121
2045	2288
2046	2288
3012	2288
2050	2288
2054	2288
3013	2288
3014	2288
3015	2288
3016	2288
3017	2288
3018	2288
2081	2288
3019	2288
3020	2288
2591	2288
3021	2288
2099	2288
3022	2288
1129	2288
263	2288
3023	2288
3024	2288
635	2288
1044	2288
2143	2288
3025	2288
1337	2288
634	2288
3026	2288
1953	2288
1850	2288
268	2288
1854	2288
1861	2288
3027	2288
3028	2288
3029	2288
3030	2288
3031	2288
3032	2288
3033	2288
2128	2288
3034	2492
1580	2492
2491	2492
497	615
612	615
613	615
614	615
1696	615
618	615
711	1357
1360	1357
2898	1404
3035	1404
2885	1404
2319	1404
2896	1404
2900	1404
3036	1506
2730	1801
1093	1801
2729	1801
170	1801
3037	1801
2733	1801
3038	1801
3039	1801
3040	1801
3041	1801
3042	1801
3043	1801
1800	1801
427	6122
3044	6122
3045	6122
3046	6122
3047	6122
3048	6122
3049	6122
1487	6122
3050	6122
694	6122
2376	6122
1283	6122
700	6122
3051	2673
3052	2673
2376	2673
3053	2673
427	2673
3054	2673
1146	1139
1313	1139
1133	1139
1540	1139
2707	2623
2706	2623
1312	2623
3055	648
1306	648
2644	648
2645	648
3056	648
2139	648
3049	648
2646	648
1145	648
3057	648
1310	648
1821	648
3058	648
1885	648
2647	648
3059	2194
1056	2194
2927	2194
2537	2194
3060	3009
3061	3009
1056	3009
2984	3009
3062	1786
3063	1732
3064	1732
3065	1732
1562	1732
3066	1732
3067	1732
206	1732
300	1732
573	1732
1056	1732
1975	1732
2799	1732
3068	1732
776	1732
3069	1732
1974	1732
3070	1732
3071	1732
1970	1732
2567	1732
3072	1732
3073	1732
3074	1732
3075	1732
690	1732
1056	771
2172	771
2179	771
2023	771
2024	771
1984	771
1101	771
772	771
1495	771
776	771
2145	771
448	771
2227	2219
2740	2219
1764	6123
1092	2737
1093	2737
1100	2737
1098	2737
3076	823
3077	823
2133	2134
3078	2134
1056	2134
3079	2134
1497	2023
3080	2023
1496	2023
2171	2023
1056	2023
772	2023
1056	1409
1056	2932
1888	2932
3081	2652
2900	2583
1518	2583
3082	2583
2487	2583
2252	2583
1590	2583
2875	2583
3083	2583
3084	2583
3085	2583
3086	2583
3087	2558
3088	2558
3089	2558
3090	2558
3091	2558
3092	2558
3093	2558
3094	2558
3095	2558
3096	2558
2735	2558
3097	2558
3098	2558
3099	2558
3100	2558
3101	2558
3102	2558
3103	2558
3104	2558
448	2558
2361	2558
2980	2558
2321	2558
3105	2558
3106	2558
3107	2558
3108	2558
3109	2558
2929	2558
3110	2558
3111	2558
2250	2558
3112	2558
2581	2558
3113	2558
2400	2558
2875	2558
2557	2558
2583	2558
2902	2558
3114	2558
3115	2558
2359	2558
2941	2558
2252	2558
2878	2558
3116	2558
3117	2558
3118	2558
3119	2558
3120	2558
3121	2558
3122	2558
3123	2558
904	2558
3124	2558
2941	2482
2895	2482
2902	2482
2897	2482
2319	2482
2882	2482
2905	2482
2900	2482
2583	2482
2963	2482
2252	2482
2321	2482
3125	2482
3126	1781
3127	1781
3128	1781
3129	1781
1517	1781
2013	1781
3130	1781
3131	1781
2599	1533
3132	2343
2344	2343
2340	2343
1325	2343
2341	2343
1574	638
1347	638
3133	6124
3134	6124
3135	6124
3136	6124
2269	2266
2265	2266
2264	2266
3137	6125
3138	6125
3139	6125
3140	6125
3141	6125
3142	6125
3143	6125
3144	6125
3145	6125
3146	6125
3147	6125
3148	6125
3149	6125
3150	6125
3151	6125
3152	6125
1056	6125
3153	6125
3154	6125
3155	6125
3156	2417
3157	2417
3158	2417
3159	2417
2415	2417
3160	2417
3161	2417
2902	2417
3162	2417
3084	2417
3163	1978
2739	2232
2227	2232
2218	2232
1255	6126
871	6126
3164	6126
3165	6126
1888	6126
3166	6126
3167	6127
3168	6127
2671	6128
2376	3048
696	3048
3169	3048
2688	3048
3047	3048
3170	3048
3171	3048
427	3048
450	3048
697	3048
1913	3048
427	701
817	701
1486	701
2376	701
3047	701
694	701
3172	1296
3173	1296
3174	1296
3175	1296
3176	1296
3177	1296
3178	1296
711	6129
2902	6130
1056	6130
2938	997
3179	997
2582	997
2415	997
2941	997
2487	997
3129	997
3180	997
2581	997
3181	997
3182	2805
2557	2805
207	2805
2681	2805
3183	2805
2339	6131
3184	6131
3185	6131
3186	6131
3187	6131
3188	6131
3189	6131
3190	6131
3191	6131
3192	6131
3193	6131
3194	6131
3195	6131
3196	6131
3197	6131
3198	6131
3199	6131
3200	2391
2941	2391
3201	2391
3202	2391
2878	2391
3203	2391
2557	2391
3204	2391
3205	2391
2963	2391
2923	1905
2858	1905
1898	1905
2555	1905
1056	1905
2535	1905
1902	1905
2710	1905
2674	1905
2836	1905
2431	1905
3206	1905
2432	1905
2882	1905
2920	1905
2717	1905
3207	1905
607	6132
3208	2904
3209	2904
2886	2904
3210	2904
2227	2904
3211	2904
2889	2904
2890	2904
1056	2904
3212	2904
3213	2904
3214	2904
2893	2904
3215	2904
2894	2904
2895	2904
2897	2904
2899	2904
2415	2904
3216	2904
2902	2904
2903	2904
2905	2904
1946	2904
2906	2904
3217	2904
3218	2904
3219	2904
3220	2904
3130	2686
1056	6133
3221	6133
3222	6133
2224	6134
3223	6134
2227	6134
1955	1957
1546	1957
3224	1957
2955	2956
3225	2956
3226	2956
3227	2956
3228	2956
628	2956
3229	2956
3230	2956
3231	2956
1056	2956
1108	2956
2954	2956
3232	2956
2307	1331
2309	1331
3233	1331
2308	1331
415	6135
264	6135
3234	2441
3235	2883
2926	2883
2967	2883
1537	2883
2964	2883
2837	2883
1056	2883
3236	2883
3237	2883
2875	2883
3238	2883
3239	2883
2919	2883
3240	2883
2928	2883
2359	2319
2900	2319
2882	2319
3241	2319
2941	2319
3242	2319
3084	2319
3243	2319
2557	2319
2581	2319
2902	2319
2252	2319
2321	2319
2415	2319
3158	2939
2615	2939
2415	2939
3084	2939
1776	2939
1056	2876
3244	2876
3245	2876
3246	2876
3247	2876
1537	2876
2191	6136
3248	6136
3249	6136
3250	6136
1056	6136
3251	1834
3252	1834
2801	1834
3081	1834
1475	1834
2722	1834
3253	1834
1970	1834
448	1834
3254	1834
2649	2648
1056	2648
3255	639
264	639
2828	639
1767	639
1347	639
1008	639
1926	639
1925	639
643	639
1348	639
1772	639
277	639
3256	6137
3257	6137
206	6137
3258	6137
3259	6137
3260	6137
3164	1299
2432	2431
1056	2431
2365	2431
1443	1453
1444	1453
2560	1453
3261	1453
3262	1453
448	1453
1940	1453
1446	1453
3263	1453
3264	1453
3265	1453
1448	1453
3266	1453
1449	1453
2174	1453
3267	1453
3268	1453
2024	1453
1984	1453
1456	1453
3269	1453
3270	1453
3271	1453
3272	1453
1459	1453
1460	1453
3273	1016
1467	1016
264	1016
3274	1016
3275	1016
1348	1016
2680	1016
1530	6138
665	1436
1435	1436
1434	1436
2917	1436
1014	2576
2577	2576
2575	2576
3276	2576
2579	2576
2578	2576
3277	2576
3278	2576
3279	2576
438	2576
3280	6139
3281	6139
1694	6139
1693	6139
3282	1830
3283	1830
2252	2902
2681	2902
3084	2902
2905	2902
2882	2902
3284	2902
2900	2902
2557	2902
3285	2902
2581	2902
2415	2902
1056	2717
2919	2717
2837	2717
2967	2717
1056	3249
3286	3249
3287	3249
3288	2154
1056	2154
2536	2649
1056	2649
1056	6140
2625	6140
3289	6140
2253	2403
894	2403
2570	2403
3290	2403
448	2403
2399	2403
2402	2403
2803	2403
1394	2610
1008	2610
2609	2610
2608	2610
170	2610
264	2610
575	2610
3291	6141
3292	6141
3293	6141
3294	6141
3295	6141
3296	6141
3297	6141
3298	6141
3299	6141
3300	6141
3301	6141
3302	6141
2349	6141
3303	6141
3304	6141
3305	6141
3306	6141
3307	6141
3308	6141
3309	6141
3310	6141
3311	6141
3312	6141
3313	6141
3314	6141
3315	6141
3316	6141
3317	6141
3318	6141
3319	6141
3320	6141
3321	6141
3322	6141
3323	6141
3324	6141
3325	6141
3326	6141
3327	6141
3328	6141
3329	6141
3330	6141
3331	6141
3332	6141
3333	6141
3334	6141
3335	6141
3336	6141
2947	2682
1122	2682
3337	2682
2200	2739
3338	2739
3339	2739
2227	2739
2891	2739
3340	2739
3341	2739
3342	2739
3343	2739
2833	2739
2725	2739
3344	2739
2681	2739
3345	2739
2228	2739
2740	2739
2218	2739
1946	2739
3346	2739
3347	2739
3348	2739
520	714
1313	1426
1056	2907
3349	6142
3350	6142
1056	6142
3351	6142
3352	547
2890	547
3353	547
2321	547
3354	547
3355	547
3356	547
2234	547
3357	547
2037	547
2900	547
2320	547
3358	547
3359	6143
1497	6143
772	6143
1056	6143
3080	6143
1496	6143
1970	1977
448	1977
1971	1977
1972	1977
1973	1977
1974	1977
1850	1977
3360	1977
1975	1977
1854	1977
3361	1977
3362	1977
3363	2402
894	2402
668	2402
2408	2402
3290	2402
2984	795
1056	795
3364	795
1589	795
3365	6144
2984	6144
3366	1017
1771	1017
1770	1017
2382	1017
1868	1017
448	1017
401	1017
404	1017
264	1017
695	700
2376	700
3047	700
2625	2013
3367	2013
448	803
894	803
2393	803
2245	803
3290	803
1537	803
2399	803
2400	803
2404	803
1102	803
2252	803
2253	803
3368	2227
3369	2227
3339	2227
2891	2227
3340	2227
3344	2227
2228	2227
2740	2227
3358	2227
1946	2227
3370	6145
251	6145
3371	3164
1888	3164
3166	3164
2931	3164
3372	3164
3373	6146
3374	2401
2252	1101
2486	1101
2599	6147
3375	6147
3084	2415
3376	2415
3160	2415
3377	2415
2581	2415
2252	2415
3156	2415
3378	2415
2487	2415
2905	2415
3379	2415
2882	2415
2872	2415
215	2415
3380	2681
2858	2681
2487	2681
207	2681
3156	2681
3381	2681
3382	2681
212	2681
3383	2681
2363	2681
2415	2681
3084	2681
2252	2681
1946	2681
3384	2681
3115	2557
3385	2557
2870	2557
2556	2557
1343	272
1062	272
2676	272
402	272
3273	272
793	272
2806	272
3386	272
3387	272
3388	272
2677	272
1868	272
2680	272
3389	272
246	272
335	705
3390	651
3391	651
3392	651
3393	651
2255	1576
2654	1576
1872	1576
1627	1576
1628	1576
3394	822
3395	822
3396	822
3397	822
3398	822
3399	822
1115	822
3400	822
2165	822
3401	822
3402	822
3403	822
3404	822
3405	822
1543	822
3406	822
3407	822
3408	822
3409	822
3410	822
3411	822
3412	822
3413	822
3414	923
924	923
2137	923
3415	923
245	923
1821	923
520	923
1822	923
1280	923
2621	923
3416	923
2620	923
3417	923
3418	923
2622	923
3419	923
2964	3238
2875	3238
3420	3238
3421	3238
1056	3238
2919	3238
3422	3238
3240	3238
3423	6148
1056	6148
3424	6148
3258	6148
3425	6148
3426	6148
3427	6148
1056	6149
3428	6149
2573	6150
1448	6150
3429	6150
2588	6150
3261	6150
2586	6150
3430	6150
3265	6150
3244	6150
3431	6150
2587	6150
1984	6150
1056	6150
3262	6150
3267	6150
3432	6150
1056	6151
1852	271
1580	271
1847	271
3433	271
634	271
1813	270
448	270
264	270
1333	270
953	270
3434	270
665	2917
3435	2917
2916	2917
1432	2917
315	2917
3436	2917
2955	6152
623	6152
3437	6152
3438	6152
2240	2238
3439	6153
1899	6153
814	6153
3440	6153
3441	6153
3442	6153
2919	2837
3443	2837
3236	2837
2928	2837
1056	2837
3444	3284
2905	3284
2581	3284
3445	3284
1946	3284
2582	3284
3446	3284
3084	3284
2897	3284
3447	3284
2882	3284
3245	1517
3448	1517
3449	1517
3111	1517
3129	1517
3450	1517
1518	1517
3451	1517
3452	1517
1056	6154
2861	6154
3453	2963
2941	2963
3454	2963
3111	2963
3455	2963
3456	2963
2878	2963
3457	2963
3458	2963
3459	2963
3460	2963
2406	2963
3461	2963
3462	2963
3463	2963
3464	2963
3465	2963
2885	2900
2487	2900
3466	2900
2896	2900
2898	2900
2938	2900
2878	2900
3467	2900
3468	2900
1056	6155
3469	2638
3470	2638
3471	2638
1940	2638
1056	2638
3472	2638
2943	786
3473	786
2945	786
2566	786
3474	786
448	786
2175	786
1474	786
1354	786
785	786
586	786
3475	1922
1776	1922
3476	1922
3477	2615
3478	2615
1776	2615
2624	821
2327	821
1474	821
2257	821
1836	821
543	821
3479	6156
3480	6156
1944	6157
3481	2614
1074	2614
3482	6158
3483	4766
3484	4766
3485	6159
3483	6159
3484	6159
1818	3055
3486	3055
3475	3055
3487	3055
3488	1906
711	1906
1899	1906
3489	1906
3440	1906
3442	1906
3439	1906
3490	2674
2927	2674
3491	2674
1056	2674
3492	2674
3367	2674
3493	2674
3494	2674
3495	2674
2675	2674
2836	2674
3496	2674
3497	2674
3498	2674
3499	2674
3500	2674
3501	2674
3239	2674
3502	3035
2885	3035
2896	3035
3503	3035
1946	3035
3115	2859
3504	2859
2877	2859
2860	2859
3505	2859
3506	2859
3507	3258
3508	3258
206	3258
3509	3258
2786	3258
1056	3258
690	3258
3510	3258
3511	3258
3512	3258
3513	3258
3514	3258
3515	3258
3516	3258
3063	3258
3517	3258
3518	3258
3519	3258
3520	3258
3521	3258
3522	3258
3475	3258
3523	3258
300	3258
3524	3258
3525	3258
2253	2400
2559	2400
3526	2400
448	2400
2399	2400
3275	1467
1348	1467
3247	6160
2800	6160
3527	2565
3528	2565
3529	2565
3530	6161
3531	6161
3532	6161
622	6161
373	6161
3533	575
985	575
3534	575
3535	6162
988	6163
2786	6163
3536	1025
2022	1025
1041	1365
1597	1365
1363	1365
1366	1365
1364	1365
1917	1312
1306	1312
2644	1312
2646	1312
2645	1312
2647	1312
922	1312
2537	6164
2927	6164
1056	6164
3537	6164
3499	6164
2928	6164
3079	2133
1056	2133
1056	2899
1946	2899
3340	2899
3216	2899
2896	2899
3538	2899
3539	2882
3378	2882
3157	2882
3540	2882
3541	2882
2581	2882
2874	2882
3084	2882
2905	2882
2252	2882
1946	2882
1056	2861
3542	2861
3543	3285
3544	3285
3545	3285
3115	3285
2252	3285
900	6165
3546	6165
2570	6165
3547	6165
3548	6165
2566	6165
3549	6165
2569	6165
1353	6165
2573	2285
1054	2285
900	899
666	899
3550	899
1354	899
2559	899
896	899
3551	899
1353	899
1132	1722
452	1722
3552	6166
3553	6166
3407	2578
3554	2578
3276	2578
3278	2578
438	2578
3279	2578
3555	2578
2215	2216
691	2216
3556	2216
3557	3556
692	3556
3558	3438
3559	3438
3560	3438
2955	3438
3561	3438
3437	3438
3562	3438
3563	3438
3564	3438
3565	3438
3566	352
3567	352
353	352
3568	352
2425	352
1378	352
3569	352
3570	352
3571	352
3572	1836
3573	1836
3574	1836
3575	1836
3576	1836
3577	1836
3578	1836
3579	1836
3580	1836
3581	1836
3582	1836
3583	1836
3584	1836
3585	1836
3586	1836
3587	1836
3588	1836
3589	1836
3590	1836
3591	1836
3592	1836
3593	1836
3594	1836
3595	1836
3596	1836
3597	1836
3598	1836
3599	1836
3600	1836
3601	1836
3602	1836
3603	1836
3604	1836
1833	1836
1419	1836
448	1836
3605	1836
3606	1836
3607	1836
452	1836
3608	1836
3609	1836
3610	1836
3611	1836
3612	1836
1835	1836
3399	1836
2624	1836
2324	1836
3613	1836
3614	1836
3615	1836
627	1836
3616	1836
1837	1836
628	1836
1838	1836
1474	1836
3617	1836
3618	1836
2330	1836
3619	1836
3620	1836
3621	1836
3622	1836
3623	1836
3624	1836
3625	1836
3626	1836
3627	1836
3628	1836
3629	1836
3630	1836
3631	1836
3632	1836
3633	1836
3634	1836
3635	1836
3636	1836
3637	1836
3638	1836
3639	1836
3640	1836
3641	1836
3642	1836
3643	1836
3644	1836
2029	533
3645	533
3646	533
1015	533
3647	533
264	533
2679	533
448	533
3648	533
3649	533
1767	533
1348	533
1109	1108
625	1108
623	1108
2955	1108
1111	1108
3395	3404
3650	3404
1115	3404
3400	3404
1543	3404
3406	3404
3409	3404
3410	3404
3411	3404
3413	3404
264	6167
3651	6167
1772	6167
3652	6167
3653	6168
3654	6168
695	3047
2376	3047
3395	3405
3399	3405
1115	3405
1543	3405
3406	3405
3409	3405
3410	3405
3411	3405
3412	3405
2858	6169
1056	6169
3655	6169
3656	2365
1056	2365
3657	2365
2430	2365
3658	2365
2433	2365
2432	2365
3286	2365
1056	3203
448	1591
894	1591
2253	1591
2408	1591
2399	1591
1976	1591
3659	1591
3660	1916
3661	6170
3662	6170
3663	6170
3664	6170
3665	6170
3666	6170
3667	6170
3668	6170
3669	6170
3670	6170
3671	6170
3672	6170
3673	6170
3674	6170
3675	6170
3676	6170
3677	6170
3678	6170
3679	6170
3680	6170
3681	6170
3682	6170
3683	6170
3684	6170
3685	6170
3686	6170
1917	6170
3687	6170
448	6170
2664	6170
2663	6170
264	6170
2891	6170
1056	6170
3688	6170
3689	6170
3608	6170
3690	6170
3691	6170
3692	6170
3693	6170
2668	6170
3694	6170
3695	6170
3696	6170
3697	6170
3698	6170
2985	6170
3699	6170
2987	6170
3700	6170
3701	6170
3702	6170
3703	6170
3704	6170
3705	6170
3706	6170
3707	6170
3708	6170
3709	6170
3710	6170
3711	6170
3712	6170
3713	6170
3714	6170
3715	6170
3716	6170
3717	6170
3718	6170
3719	6170
3720	6170
3721	6170
3722	6170
3723	6170
3724	6170
2992	6170
3725	6170
2993	6170
2996	6170
3726	6170
3727	6170
3728	6170
2999	6170
3729	6170
3730	6170
3731	6170
3732	6170
3733	6170
3734	6170
3735	6170
3736	6170
3737	6170
3738	6170
3005	6170
3739	6170
3740	6170
3741	6170
3742	6170
3743	6170
1874	1873
3744	2738
3745	2738
3746	2738
3747	2738
3748	2738
1015	2738
3749	2738
3395	3411
3399	3411
1115	3411
3400	3411
1543	3411
3406	3411
3410	3411
3750	3411
3751	2185
3752	2185
3753	2185
3754	2185
3755	2185
3756	2185
2183	2185
1056	2185
3757	1628
2255	1628
1129	1628
3696	1628
3758	1628
1056	1628
2335	1628
3759	1628
3062	1628
448	1628
3073	1628
1074	1628
2885	3467
2896	3467
2898	3467
448	1362
2330	1362
2624	1362
3760	667
2304	1014
448	277
264	277
2658	277
3761	277
2828	277
2384	277
1767	277
3386	277
1008	277
1925	277
574	277
643	277
1348	277
3762	277
1772	277
2679	277
3530	560
622	560
3763	3276
3482	3276
3764	246
3765	6171
1800	2733
1122	2733
2730	2733
170	2733
1805	2733
3038	2733
3766	2733
3767	2733
2734	2733
3461	2878
3458	2878
3768	2878
3204	2878
2869	2878
3084	2878
3769	2878
2941	2878
3114	2878
3341	2878
3770	6172
1056	6172
1945	6172
3771	6172
3772	6172
3773	6173
3774	6173
3775	6173
3776	6173
3777	6173
3778	6173
3779	6173
3780	6173
3781	6173
3782	6173
3783	6173
3784	6173
3785	6173
3786	6173
3787	6173
3788	6173
3789	6173
3790	6173
3791	6173
3792	6173
3793	6173
3794	6173
3795	6173
3796	6173
3797	6173
3798	6173
3799	6173
3800	6173
3801	6173
3802	6173
3803	6173
3804	6173
3805	6173
3806	6173
3807	6173
3808	6173
3809	6173
3810	6173
3811	6173
3812	6173
3813	6173
1627	6173
3814	6173
3815	6173
3816	6173
3817	6173
3818	6173
3819	6173
3820	6173
3821	6173
3822	6173
3823	6173
3824	6173
3825	6173
3826	6173
3827	6173
3828	6173
3829	6173
3830	6173
3831	6173
3832	6173
3833	6173
3834	6173
3835	6173
3836	6173
3837	6173
3838	6173
3839	6173
3840	6173
3841	6173
3842	6173
3843	6173
3844	6173
3845	6173
3846	6173
3847	6173
3848	6173
3849	6173
3850	6173
3851	6173
3852	6173
3853	6173
3854	6173
3855	6173
3856	6173
3857	6173
3858	6173
3859	6173
3860	6173
3861	6173
3862	6173
3863	6173
3864	6173
3865	6173
3866	6173
3867	6173
3868	6173
3869	6173
3870	6173
3871	6173
3872	6173
3873	6173
3874	6173
3875	6173
3876	6173
3877	6173
3878	6173
3879	6173
3880	6173
3881	6173
3882	6173
3883	6173
3884	6173
3885	6173
3886	6173
3887	6173
3888	6173
3889	6173
3890	6173
3891	6173
3892	6173
3893	6173
3894	6173
3895	6173
3896	6173
3897	6173
3898	6173
3899	6173
3900	6173
3901	6173
3902	6173
3903	6173
3904	6173
3905	6173
3906	6173
3907	6173
3908	6173
3909	6173
3910	6173
3911	6173
3912	6173
3913	6173
3914	6173
3915	6173
3916	6173
3917	6173
3918	6173
3919	6173
3920	6173
3921	6173
3922	6173
3923	6173
3924	6173
3925	6173
3926	6173
3927	6173
3742	6173
3928	6173
3929	6173
3930	6173
3931	6173
3932	6173
3933	6173
3743	6173
3934	6173
3935	6173
3936	6173
2590	1861
3937	1861
448	1861
263	1861
1847	1861
3938	1861
1359	1861
3648	1861
1767	1861
3939	1861
3940	1861
2597	1861
1497	1861
1850	1861
1676	1861
268	1861
2801	1861
2327	1474
3941	1474
3942	1474
2257	1474
2330	1474
543	1474
2624	1474
2326	1474
2325	1474
3943	1474
1838	1474
2324	1838
543	1838
2325	1838
1360	2326
1474	2326
2325	2326
2324	2326
543	2326
1852	902
2566	902
900	902
3944	902
3548	902
448	902
2570	902
3945	902
3546	902
901	902
1353	902
3549	902
3946	2382
571	2382
1269	2382
448	2382
1060	2382
264	2382
3947	2382
2386	2382
1767	2382
404	2382
3948	2382
1674	2382
3949	2382
1574	2382
3950	2382
227	2382
1771	2382
1033	1036
2659	1036
3951	6174
2153	6174
3952	6174
1557	1558
3953	3235
3954	3235
3955	3235
3956	3235
3957	3235
3958	3235
3443	3235
2360	3235
3959	3235
3960	3235
3961	3235
3962	3235
2967	3235
2919	3235
2964	3235
3236	3235
2928	3235
3963	2716
3964	2716
1056	2716
893	2217
3352	2217
2890	2217
3353	2217
3965	2217
3966	2217
3967	2217
3968	2217
3354	2217
3969	2217
3970	2217
3971	2217
3972	2217
2234	2217
3357	2217
2037	2217
2728	2217
2038	2217
3358	2217
3973	3248
2191	3248
3236	3248
1056	3248
3974	3248
1056	2984
3975	2984
2833	2984
3976	2984
3977	2984
2982	2984
3364	2984
3978	6175
3979	6175
1056	6175
3608	6175
3980	2487
2490	2487
3981	2487
3157	2487
3982	2487
2321	2487
215	2487
3156	2487
1056	3471
3983	2969
3984	3130
3985	3130
3986	3130
3987	3130
3988	3130
3989	3130
3990	3130
3991	3130
3992	3130
3993	3130
3994	3130
3995	3130
2889	3130
3996	3130
3997	3130
3998	3130
3999	3130
4000	3130
4001	3130
3127	3130
3449	3130
1942	3130
3450	3130
4002	3130
2252	3130
4003	3130
4004	3130
4005	3130
4006	3130
4007	3130
4008	3130
4009	3130
4010	3130
4011	3130
4012	3130
4013	3130
4014	3130
4015	3130
4016	3130
4017	3130
4018	3130
4019	3130
4020	3130
4021	3130
4022	3130
4023	3130
4024	3130
4025	3130
4026	3130
4027	3130
4028	3130
4029	3130
4030	3130
4031	3130
4032	3130
4033	3130
4034	3130
4035	3130
4036	3130
3338	1946
3339	1946
497	1946
2321	1946
4037	1946
3340	1946
4038	1946
3505	1946
1943	1946
3344	1946
4039	1946
2897	1946
4040	1946
931	1946
1945	1946
2905	1946
2252	1946
1056	275
2606	275
1102	275
894	275
4041	275
1837	1354
4042	1354
448	1354
627	1354
2559	1354
2566	1354
2566	2807
4043	2807
2570	2807
4044	628
4045	628
3562	628
625	628
627	628
3564	628
252	251
2221	2233
2222	2233
2230	2233
4046	6176
4047	6176
4048	6176
4049	6176
4050	6176
4051	6176
4052	6177
4053	6177
4054	6177
4055	6177
4056	6177
1547	6177
4057	6177
4058	6177
4059	6177
4060	6177
4061	6177
4062	6177
4063	6177
4064	6177
4065	6177
4066	6177
3355	6177
4067	6177
236	6177
4068	6177
4069	6177
4070	6177
4071	6177
4072	6177
4073	6177
4074	6177
4075	6177
3393	3390
3391	3390
660	1776
1071	1069
4076	1069
1565	1069
3963	2928
2537	2928
1056	2928
3443	2928
2839	2928
2191	2928
1071	2928
2967	2928
2919	2928
1898	2928
4077	2928
3421	3240
3237	3240
2919	3240
4077	3240
3443	3240
1056	3240
1056	3236
3443	3236
3960	3236
4078	3236
3499	3236
1056	3239
4079	3239
2927	3239
2625	2406
1056	1496
772	1496
4080	1496
3080	1496
1497	1496
2171	1496
3261	3262
3429	3262
1056	3262
2587	3262
3432	3262
2251	2253
4081	2253
634	2253
802	2253
2404	2253
1102	2253
2243	2253
2247	2253
2803	2253
2399	2253
894	2253
2399	6178
4082	6178
4083	6178
600	6179
346	6179
4084	6179
1672	357
1772	2679
1015	2679
1767	2679
2828	2679
574	2679
4085	6180
4086	6181
4087	6181
4088	6181
2893	6181
4089	6181
4090	6181
4091	6181
4092	6181
4093	6181
4094	6181
4095	6181
4096	6182
4097	932
4098	932
4099	932
448	932
1033	932
2663	932
170	932
264	932
4100	932
4101	932
4102	932
2657	932
4103	932
1032	932
2668	932
4104	932
1333	932
1541	2376
695	2376
3244	3247
3246	3247
1056	3247
4105	1122
2946	1122
4106	1122
4107	1122
2684	1122
4108	1122
4109	1122
1800	1122
4110	1122
4111	1122
4112	1122
4113	1122
4114	1122
4115	1122
2946	4107
4116	4107
4117	4107
4106	4107
2947	6183
4118	6184
4119	6184
4120	6184
4121	6184
4122	6184
4123	6184
4124	6184
4125	6185
4055	4127
1547	4127
4126	4127
4127	4127
236	4127
3037	2734
3039	2734
1030	2734
1010	6186
3415	6186
4128	6186
4083	6186
1880	6186
3964	2884
2321	2884
1056	2884
4129	2884
4130	2884
4131	2884
4132	2884
4133	2884
4134	2884
2919	2884
4135	2884
4039	2884
2432	2884
4136	2884
3541	2884
1898	2884
4137	2884
4138	2884
2252	2884
3655	2884
4139	2884
4140	2884
4141	2884
4142	2884
4143	2884
2927	3655
2321	3655
1056	3655
2430	3655
4144	3655
3656	3655
4133	3655
2919	3655
4135	3655
2432	3655
3541	3655
4138	3655
2433	3655
1056	6187
1898	6187
4145	6187
1056	3062
3696	3062
448	3062
1056	2710
2713	2710
2714	2710
2711	2710
4146	3751
3289	3751
1056	3751
1850	1852
4147	1852
634	1852
1847	1852
635	1852
4148	2339
4149	2339
4150	2339
4151	2339
4152	2339
4153	2339
4154	2339
4155	2339
4156	2339
4157	2339
4158	2339
4159	2339
4160	2339
4161	2339
4162	2339
4163	2339
4164	2339
4165	2339
4166	2339
4167	2339
4168	2339
4169	2339
4170	2339
4171	2339
4172	2339
4173	2339
4174	2339
4175	2339
4176	2339
4177	2339
4178	2339
4179	2339
4180	2339
4181	2339
4182	2339
4183	2339
4184	2339
4185	2339
4186	2339
4187	2339
4188	2339
4189	2339
4190	2339
4191	2339
4192	2339
4193	2339
4194	2339
4195	2339
4196	2339
4197	2339
4198	2339
4199	2339
4200	2339
4201	2339
4202	2339
4203	2339
4204	2339
4205	2339
4206	2339
4207	2339
4208	2339
4209	2339
4210	2339
4211	2339
4212	2339
4213	2339
4214	2339
4215	2339
4216	2339
4217	2339
4218	2339
4219	2339
4220	2339
4221	2339
4222	2339
4223	2339
4224	2339
4225	2339
2338	2339
4226	2339
4227	2339
4228	2339
3132	2339
2522	2339
4229	2339
4230	2339
4231	2339
4232	2339
3570	2339
4233	2339
4234	2339
4235	2339
4236	2339
4237	2339
4238	2339
4239	2339
500	6188
4240	6188
500	730
4241	4112
4242	4112
4243	4112
4244	4112
4245	4112
4246	4112
4105	4112
4247	4112
4248	4112
1845	4112
1045	4112
2946	4112
4249	4112
4111	4112
4250	4112
4251	4112
4106	4112
3417	924
2621	924
4252	924
245	924
1822	924
2622	924
3414	924
3418	924
2701	1486
698	1486
4253	1486
2842	1486
427	1486
694	1486
1482	1486
4254	1486
4255	1486
4256	1486
3953	2964
1056	2964
4257	2964
3962	2964
4258	6189
4259	6189
2912	6190
2912	607
4260	607
4261	607
4262	607
608	607
4263	607
1383	315
4264	315
1124	315
2915	315
3436	315
1435	315
2916	315
665	315
448	315
2140	315
4148	3747
4265	3747
4149	3747
4266	3747
4150	3747
4151	3747
4152	3747
4267	3747
4268	3747
4269	3747
4270	3747
4153	3747
4271	3747
4272	3747
4273	3747
4274	3747
4154	3747
4275	3747
4276	3747
4277	3747
4278	3747
4155	3747
4156	3747
4157	3747
4158	3747
4159	3747
4279	3747
4280	3747
4281	3747
4160	3747
4282	3747
4161	3747
4162	3747
4163	3747
4283	3747
4164	3747
4165	3747
4166	3747
4284	3747
4167	3747
4168	3747
4169	3747
4171	3747
4172	3747
4173	3747
4174	3747
4175	3747
4176	3747
4285	3747
4286	3747
4287	3747
4177	3747
4288	3747
4178	3747
4179	3747
4289	3747
4180	3747
4181	3747
4290	3747
4291	3747
4292	3747
4182	3747
4183	3747
4184	3747
4185	3747
4186	3747
4293	3747
4294	3747
4187	3747
4295	3747
4188	3747
4189	3747
4296	3747
4190	3747
4297	3747
4191	3747
4298	3747
4299	3747
4192	3747
4193	3747
4194	3747
4195	3747
4196	3747
4300	3747
4301	3747
4197	3747
4302	3747
4303	3747
4198	3747
4304	3747
4199	3747
4305	3747
4306	3747
4200	3747
4201	3747
4307	3747
4308	3747
4202	3747
4309	3747
4203	3747
4204	3747
4205	3747
4206	3747
4207	3747
4310	3747
4311	3747
2029	3747
4209	3747
4210	3747
4312	3747
4211	3747
4212	3747
4213	3747
4214	3747
4313	3747
4215	3747
4314	3747
4216	3747
4315	3747
4316	3747
4217	3747
4218	3747
4219	3747
4220	3747
4221	3747
4223	3747
4317	3747
4318	3747
4319	3747
4320	3747
4321	3747
1417	3747
4322	3747
4323	3747
4324	3747
2200	3747
4325	3747
4224	3747
4326	3747
4225	3747
2338	3747
4226	3747
2339	3747
4327	3747
4328	3747
4228	3747
4329	3747
4330	3747
4331	3747
3132	3747
4332	3747
4333	3747
4334	3747
4335	3747
4336	3747
4230	3747
4337	3747
3184	3747
3185	3747
3186	3747
4338	3747
3187	3747
3188	3747
3189	3747
4339	3747
4340	3747
4231	3747
4341	3747
4342	3747
4343	3747
4344	3747
4232	3747
4345	3747
3570	3747
4233	3747
4346	3747
4347	3747
4348	3747
4349	3747
3191	3747
4234	3747
4350	3747
4235	3747
4351	3747
4352	3747
4353	3747
4354	3747
4355	3747
4356	3747
4357	3747
4358	3747
4359	3747
3192	3747
4360	3747
4361	3747
3194	3747
4362	3747
4236	3747
4363	3747
3195	3747
4364	3747
4365	3747
4366	3747
3196	3747
4367	3747
4237	3747
4368	3747
4369	3747
4370	3747
4371	3747
4239	3747
3197	3747
4372	3747
4373	3747
3198	3747
3199	3747
3953	6191
3959	6191
1056	6191
4374	1285
1276	1285
4375	1285
2351	1285
4376	1285
1414	1285
981	1285
1279	1285
1375	1285
4377	1285
4378	1285
4379	1285
599	1285
4380	1285
4381	1285
4382	1285
4252	1285
1282	1285
1283	1285
4128	1285
2137	1285
2138	1285
1284	1285
4383	1285
4384	1285
3286	6192
3656	6192
2432	6192
1056	6192
4385	6192
3658	2410
2923	2410
4386	2410
4387	2410
2409	2410
1056	2410
1971	2410
4388	2252
4389	2252
4390	2252
4391	2252
4392	2252
3992	2252
2858	2252
4393	2252
2862	2252
3382	2252
4394	2252
4395	2252
4396	2252
2870	2252
2250	2252
4397	2252
3541	2252
2897	2252
3113	2252
2251	2252
2875	2252
4398	2252
4399	2252
4400	2252
4401	2252
4402	2252
4403	2252
4404	2252
4405	2252
3456	2941
2357	2941
4406	2941
4407	2941
3459	2941
3111	2941
4408	2941
3114	2941
2887	2941
3769	2941
3458	2941
3461	2941
2582	2941
3241	2941
4146	2941
3128	2941
3115	2941
3355	3358
2234	3358
2037	3358
4409	2905
4410	2905
4411	2905
4412	2905
4413	2905
4414	2905
4415	2905
893	2905
2885	2905
2888	2905
3445	2905
4416	2905
4417	2905
4418	2905
4419	2905
4420	2905
4421	2905
4422	2905
2244	2905
4423	2905
4424	2905
4425	2905
4426	2905
4427	2905
4428	2905
3539	2905
4429	2905
4430	2905
4431	2905
4432	2905
4433	2905
4434	2905
3444	2905
4435	2905
4436	2905
4437	2905
3446	2905
4438	2905
3540	2905
2895	2905
2896	2905
2581	2905
3450	2905
3125	2905
2897	2905
2582	2905
4439	2905
4440	2905
2740	2905
3084	2905
4441	2905
4442	2905
4443	2905
4444	2905
4445	2905
4446	6193
4447	6193
4448	6193
1056	1475
1348	3275
4449	6194
953	6195
3434	6195
4450	1955
1546	1955
2958	2959
4451	2959
3395	3410
3399	3410
1543	3410
3406	3410
3409	3410
4452	2706
4453	2706
4379	2706
4376	2706
4454	2706
4375	2706
4455	6196
4456	6196
4457	6196
4458	6196
3770	6196
4459	6196
4460	6196
4136	6196
4461	6196
3154	6196
4462	1945
1938	1945
3770	1945
4463	1945
4464	1945
1056	1945
4465	1945
4466	1945
4467	1945
4468	1945
3999	1945
4469	1945
4470	1945
4471	1945
4472	1945
4473	1945
4474	1945
4475	1945
3204	1945
4476	1945
2235	1945
4477	1945
4478	1945
4479	1945
4480	1945
4481	1945
4482	1945
4483	1945
4484	1945
4485	1945
4486	1945
4487	1945
4488	1945
4489	1945
4490	1945
4491	3697
4492	3697
4493	3697
4494	3697
4495	3697
3257	3697
4496	3697
4497	3697
1970	3697
4498	3697
4499	3697
4500	3697
448	3697
4501	3697
4502	3697
4503	3697
4504	3697
1056	3697
3251	3697
4505	3697
4506	3697
4507	3697
4508	3697
4509	3697
4510	3697
3694	3697
2446	3697
4477	3697
4511	3697
4512	3697
3815	3697
4513	3697
4514	3697
4006	3697
4515	3697
4516	3697
4517	3697
4518	3697
4519	3697
4520	3697
4521	3697
4522	3697
4523	3697
4524	3697
4525	3697
4526	3697
4527	3697
4528	3697
4529	3697
4530	3697
4531	3697
3154	3697
4532	3697
1056	6197
4533	3084
3445	3084
3156	3084
3447	3084
3378	3084
3446	3084
4534	3084
3157	3084
3503	3084
2896	3084
3502	3084
3541	3084
2581	3084
2897	3084
2582	3084
3160	3084
4439	3084
4535	3084
2875	1518
4536	2650
3755	2183
3753	2183
4537	2183
4538	2183
4539	2183
2033	2183
1056	2183
4540	2183
3754	2183
4541	2183
4542	2183
4543	2183
4544	2183
1056	776
1974	776
1057	804
3483	804
2443	2448
448	2448
4545	2448
3252	2448
1495	2448
4546	2448
1854	2448
4547	2448
448	1837
4042	1837
2943	1837
2559	1837
2566	1837
1810	1837
2802	1837
627	1837
3396	2831
4548	2831
941	2831
4549	2831
1347	2831
1888	2831
4550	2831
2936	2831
4551	2831
4552	2831
500	1106
4553	1106
2223	2218
4554	2218
4555	2218
2724	2218
3354	2218
4556	2218
1435	2218
2222	2218
2226	2218
4557	6198
4558	1951
2639	1880
4559	1880
4560	1880
4561	1880
1279	1880
1879	1880
206	1880
4562	1880
1282	1880
2640	1880
1072	1880
2367	1880
452	1880
1741	1880
2375	1880
4563	3409
3399	3409
1543	3409
1056	6199
2927	2537
1056	2537
4138	2537
4564	2537
4565	3364
1056	3364
4566	3162
3158	3162
4567	3162
3157	3162
4568	3162
3159	3162
3156	3162
4569	2359
4570	2359
4571	2359
4572	2359
2860	2877
3505	2877
3504	2877
4573	1042
3163	1042
435	1042
274	2335
4574	2335
4575	2335
3976	2335
3759	2335
4576	2335
3073	2335
4577	2335
1123	2335
4578	2335
4579	2335
3975	2335
2255	2335
4580	2335
3757	2335
4581	2335
448	2335
4582	2335
4583	2335
4584	2335
3758	2335
4585	2335
4586	2335
4587	2335
4588	2335
448	1984
4549	1984
4589	1984
4590	1984
2172	1984
2145	1984
1974	1984
3267	1984
2024	1984
2176	1984
2179	1984
1599	3389
571	2611
374	2611
4591	2611
373	2611
4592	2611
4593	2611
4594	1345
1346	1345
2204	6200
2472	6200
2035	6200
4595	6200
2309	2307
3233	2307
4046	4048
4047	4048
4051	4048
4049	4048
4596	4048
4597	4048
4050	4048
4046	4051
4596	4051
4598	3039
4599	3039
3767	3039
4600	3039
987	3039
3392	3391
4601	3391
1450	3391
3393	3391
1056	1074
3073	1074
2434	1074
4602	1074
1056	6201
2833	6201
3541	1902
1898	1902
1056	1902
1056	3491
3501	3491
4603	3491
1056	1952
1954	1952
1953	1952
1056	3752
4604	3752
4080	3752
4605	3752
2171	3752
4393	2858
894	2858
4397	2858
3541	2858
4401	2858
4403	2858
4606	6202
2890	6202
4607	6202
4608	6202
2858	2803
448	2803
894	2803
2243	2803
2247	2803
2250	2803
2399	2803
2916	2803
4609	1102
802	1102
2607	1102
2606	1102
2404	1102
4610	1102
2399	1102
2251	1102
894	1102
448	1102
4611	1102
4612	1102
1432	2916
1434	2916
2566	2802
2569	2802
2720	274
2635	274
4613	274
4614	274
4615	3011
4616	3011
4617	3011
4618	3011
4619	3011
4620	3011
4621	3011
4622	3011
4623	3011
4624	3011
4625	3011
4626	3011
4627	3011
3608	3011
4628	3011
4629	3011
4630	3011
4631	3011
4632	3011
4633	3011
4634	3011
4635	3011
4636	3011
4637	3011
2302	1553
4638	1553
3441	3439
1356	3439
3442	3439
3440	3439
1899	3439
891	6203
892	6203
1033	6203
4639	6203
2386	6203
1032	6203
4640	6203
4641	6203
3088	3115
4642	3115
4643	3115
4644	3115
4645	3115
4646	3115
3093	3115
4647	3115
4648	3115
3095	3115
4649	3115
4650	3115
4651	3115
4652	3115
4653	3115
4654	3115
4655	3115
4656	3115
4657	3115
3102	3115
3103	3115
448	3115
4658	3115
4659	3115
2392	3115
4660	3115
2394	3115
4661	3115
4662	3115
4663	3115
4664	3115
3107	3115
3108	3115
3109	3115
2929	3115
4665	3115
4666	3115
3111	3115
2250	3115
3112	3115
1976	3115
2411	3115
215	3115
4667	3115
4668	3115
4669	3115
4670	3115
2906	3115
4671	3115
4672	3115
4673	3115
4674	3115
4675	3115
4676	3115
4677	3115
3117	3115
4678	3115
4679	3115
4680	3115
4681	3115
3122	3115
4682	3115
4683	3115
3123	3115
4684	3115
4685	3115
4686	3115
904	3115
4687	3115
4688	3115
4689	3115
4690	3115
4691	3115
4692	3114
3105	3114
2869	3114
4041	3114
3768	3114
4693	3114
3769	3114
4664	3114
4694	3114
3104	3083
4695	3083
3242	3083
3156	3083
2321	3083
4696	3083
3505	3083
4440	3083
4697	2903
4698	2903
4699	2903
4700	2903
4701	2903
4702	2903
4703	2903
4704	2903
4705	2903
4706	2903
4707	2903
4708	2903
4709	2903
4710	2903
4711	2903
2901	2903
2874	1907
1056	3652
4510	3652
4712	3652
4713	3652
448	4043
4583	4043
3696	4043
4714	785
543	785
4715	785
4716	543
1767	543
2257	543
2624	543
2875	2404
894	2404
1057	2404
1055	2404
2864	2404
4717	802
894	802
801	802
4718	802
4719	802
4720	802
4721	802
2598	6204
2151	6204
4722	6204
1394	2609
1008	2609
2608	2609
2386	1772
2828	1772
4723	1772
4724	1772
1768	1772
264	1772
3255	1772
3386	1772
1348	1772
1008	1772
500	3281
1693	3281
3280	3281
4725	3281
4119	3300
1255	1751
4726	1751
4727	1751
1752	1751
4728	1751
3396	1751
4729	6205
4116	4117
3125	6206
3442	6207
2438	6207
814	6207
2440	6207
206	6207
4730	6207
300	6207
2222	6208
4731	6208
4732	6208
977	6208
2228	6208
1056	3040
2536	3040
4733	2982
1056	2982
1534	2982
4734	2982
4735	2982
4736	2982
4461	2982
4737	2982
4738	2982
4739	2982
2995	2982
4740	2982
4741	2982
3002	2982
4742	2982
3267	2573
448	2573
1056	2573
2586	2573
3470	2573
4743	2573
3261	2573
4744	2874
4745	2874
2912	2874
1910	2874
4746	1909
1910	1909
4747	6209
4748	6209
2719	2721
1582	2721
1847	2721
646	645
2579	2577
4749	2577
2575	2577
4750	2577
3279	2577
3407	2577
1547	6210
1056	2923
4751	2923
3541	2923
4752	2923
3207	2923
4753	2923
4754	2923
2432	2923
4136	2923
4755	4752
2946	4752
1056	4752
4756	4752
4757	4752
4758	2195
4759	2195
3059	2195
1056	2195
4760	2195
4761	2195
4762	2195
2191	2195
2919	2195
2582	2938
4763	2938
4764	2251
2243	2251
894	2251
4765	2251
4766	1853
1499	1853
1495	1853
1056	1853
3163	1853
4510	1853
1023	3113
2867	3113
4767	2598
4768	2598
4769	2598
4770	2598
4771	2598
4772	2598
4773	2598
4774	2598
4775	2598
4776	2598
1714	2598
4777	2598
4778	2598
4779	2598
4780	2598
4781	2598
4782	2598
1048	2598
4783	2598
2947	2598
1318	2598
4784	2598
448	2598
4785	2598
4786	2598
4787	2598
4788	2598
1847	2598
4789	2598
4790	2598
4791	2598
4792	2598
2595	2598
2596	2598
4793	2598
4794	2598
4795	2598
2289	2598
4722	2598
1673	2598
4796	2598
3026	2598
4797	2598
3153	2598
1854	2598
2151	2598
4798	2598
4799	2598
4800	2598
4801	2598
4802	2598
4803	2598
4804	2598
4805	2598
4806	2598
4807	2598
4808	2598
4809	2598
4810	2598
4811	2598
4812	2598
4813	2598
4814	2598
4815	2598
4816	2598
4817	2598
4818	2598
4819	2598
3436	665
4820	665
1434	665
3435	665
1435	665
1432	665
953	3434
3277	2958
4821	2958
4822	6211
4823	6211
4824	6211
4825	6211
4826	6211
4827	6211
4828	6211
4829	6211
4830	6211
4831	6211
4832	6211
4833	6211
4834	6211
4835	6211
4836	6211
4837	6211
4838	6211
4839	6211
4840	6211
4841	6211
4842	6211
4843	6211
4844	6211
4845	6211
4846	6211
3680	6211
4847	6211
4848	6211
4849	6211
4850	6211
891	6211
892	6211
4851	6211
3687	6211
4852	6211
4853	6211
1763	6211
4854	6211
4096	6211
264	6211
4855	6211
4856	6211
4857	6211
4858	6211
4859	6211
4860	6211
4640	6211
3695	6211
4861	6211
4862	6211
4863	6211
4864	6211
2411	6211
2987	6211
4865	6211
2998	6211
4866	6211
4867	6211
4868	6211
4869	6211
4870	6211
4871	6211
4710	6212
4872	6212
2728	6212
4873	6212
4874	6212
4875	6212
4876	6212
4877	6212
4878	6212
3432	2587
3429	2587
1056	2587
2586	2587
3261	2587
4879	2587
3267	2587
3267	2024
2173	2024
4880	2024
2171	2024
4881	2024
1940	2024
2033	2024
2174	2024
1449	2024
2026	2024
3272	2024
2035	2024
1056	2024
1456	2024
1448	2024
2255	3759
1129	3759
3073	3759
1130	3759
1056	3759
3466	2898
2885	2898
3468	2898
4882	2898
2896	2898
3503	2898
4883	2898
1056	778
3079	778
264	6213
2658	6213
586	6213
2663	6213
4119	6213
2664	6213
2659	6213
448	2566
586	2566
2569	2566
4884	2566
2636	2566
4885	2566
4886	2566
4887	2566
666	2566
2570	2566
4888	2566
4889	2566
264	643
4890	643
4891	643
3532	643
4892	643
4893	643
1008	643
1926	643
1773	643
1940	1944
1943	1944
500	2549
1124	1432
1435	1432
4820	1432
4894	1432
1434	1432
4251	4106
4895	4106
4896	4106
4105	4106
4897	4106
4108	4106
4898	4106
2946	4106
4111	4106
4116	4106
4899	4106
4900	4106
4245	4106
4901	4106
3280	6214
401	1868
4902	6215
4903	6215
4904	6215
4905	6215
4906	6215
4907	6215
4908	6215
4909	6215
4910	6215
3200	6215
4911	6215
4912	6215
4477	6215
2839	6215
4440	6215
4913	6215
4914	6215
4915	6215
4137	6215
3497	6215
4916	6215
2430	6215
4917	6215
4918	6215
4919	6215
2922	6215
4920	6215
4743	6215
4921	6215
4922	6215
3343	6215
4923	6215
4924	6215
3964	6215
4136	6215
4925	6215
4926	6215
4927	6215
4928	6215
4929	6215
4138	6215
4930	6215
3524	6215
3656	6215
4499	6215
3257	6215
1056	6215
3496	6215
4931	6215
4932	6215
3494	6215
4933	2897
4934	2897
4935	2897
4936	2897
4937	2897
4938	2897
2354	2897
4939	2897
4940	2897
4941	2897
4942	2897
4943	2897
4944	2897
4945	2897
4946	2897
4947	2897
4948	2897
4949	2897
4950	2897
4951	2897
4952	2897
4410	2897
4953	2897
4954	2897
4955	2897
4956	2897
4957	2897
4958	2897
4959	2897
4960	2897
4961	2897
3209	2897
4414	2897
4962	2897
4415	2897
893	2897
2885	2897
2888	2897
3242	2897
2889	2897
3156	2897
4963	2897
2321	2897
4418	2897
4964	2897
4419	2897
4965	2897
4966	2897
4967	2897
4968	2897
4969	2897
4970	2897
4971	2897
4972	2897
4973	2897
4974	2897
4975	2897
4976	2897
4423	2897
4425	2897
4977	2897
4427	2897
4431	2897
4978	2897
4979	2897
4433	2897
4434	2897
4980	2897
3444	2897
2940	2897
4435	2897
4436	2897
3341	2897
4981	2897
4982	2897
4983	2897
3378	2897
3448	2897
1780	2897
3446	2897
4984	2897
4438	2897
4696	2897
3157	2897
2872	2897
2895	2897
3503	2897
2896	2897
3502	2897
3159	2897
4461	2897
2582	2897
3160	2897
4439	2897
4440	2897
4535	2897
3161	2897
4985	2897
4986	2897
4987	2897
4988	2897
4989	2897
4990	2897
4991	2897
4992	2897
4993	2897
4994	2897
4995	2897
4996	2897
4997	2897
4998	2897
4999	2897
5000	2897
5001	2897
5002	2897
5003	2897
5004	2897
5005	2897
5006	2897
5007	2897
5008	2897
5009	2897
5010	2897
2584	2897
5011	2897
5012	2897
5013	2897
5014	2897
5015	2897
5016	2897
5017	2897
5018	2897
5019	2897
5020	2897
5021	2897
5022	2897
5023	2897
5024	2897
4445	2897
5025	2897
3156	3125
3378	3125
3160	3125
2582	3125
2321	3125
4535	3125
3446	3125
3105	3450
5026	3450
5027	3450
5028	3450
3449	3450
5029	3450
2896	3450
5030	3450
3541	3450
4002	3450
5031	3450
5032	3450
5033	3250
2191	3250
1056	3250
3287	3250
4919	3250
1056	3421
1056	4713
4743	4713
2946	4249
4244	4249
5034	4249
5035	4249
5036	4249
1045	4249
4111	4249
4241	4249
3081	2801
5037	2801
4545	2801
5038	2801
3253	2801
448	2801
2800	2801
5039	2801
3252	2801
5040	2801
2472	4595
2035	4595
2204	4595
5041	339
170	2664
2667	2664
2659	2664
264	2664
2668	2664
5042	1385
448	1385
1370	1385
1121	1385
2871	1385
1125	1385
4580	1385
5043	1385
5044	1845
4241	1845
4247	1845
4899	1845
4242	1845
4244	1845
4248	1845
4243	1845
4245	1845
4250	1845
5045	3392
3393	3392
1450	1450
3393	1450
5046	3287
1056	3287
5047	3287
5048	3287
5049	3287
3973	3287
5050	3287
5033	3287
3687	2728
1757	2728
4705	2728
5051	2728
5052	2728
4709	2728
4875	2728
4744	2728
4874	2728
5053	2728
4877	2728
5054	2728
5053	2021
4874	2021
5055	2021
5051	2021
5056	2021
4698	2021
5057	2021
5058	2021
4699	2021
5059	2021
4877	2021
4872	2021
4696	2581
2582	2581
3992	3541
4395	3541
4438	3541
3158	3541
3159	3541
3160	3541
2411	3541
4401	3541
4403	3541
5060	6216
5061	6216
5062	6216
4861	6216
5063	6216
4863	6216
5064	6216
5065	6216
5066	6216
5067	6216
5068	6216
5069	3614
5070	3614
5071	3614
5072	3614
3604	3614
5073	3614
659	3614
3639	3614
5074	3614
2340	2341
1325	2341
2344	2341
4575	2399
2249	2399
894	2399
2383	2661
1008	2661
264	2661
1347	2661
5036	1045
5075	1045
4899	1045
4108	1045
4111	1045
4245	1045
4248	4243
4245	4243
4244	4243
4111	4243
1548	6217
184	6217
5076	6218
402	6218
403	6218
1701	2464
5077	2464
1714	2464
1719	2464
5078	2464
2367	2464
697	2464
4119	2464
452	2464
2370	2464
1725	2464
2371	2464
2372	2464
2170	2464
1728	2464
5079	2464
1729	2464
2374	2464
2640	2464
2375	2464
980	2464
1485	2464
5080	2464
1879	2464
2639	2464
5081	2464
5082	2464
1882	2464
5083	2464
5084	2464
5085	2464
5086	2464
5087	2464
5088	2464
5089	2464
5090	2464
5091	2464
5092	2464
5093	2464
1742	2464
1883	2464
5094	2464
5095	2464
5096	2464
5097	2464
5098	2464
5099	2464
5100	2464
1744	2464
5101	2464
5102	2464
5103	2464
5104	2464
5105	2464
5106	2464
5107	2464
5108	2464
1677	1676
1889	1888
2936	1888
2933	1888
2931	1888
5109	6219
5110	6219
5111	4896
2946	4896
2639	1072
4561	1072
4560	1072
3395	1543
5112	1543
3401	1543
5113	1543
2321	6220
2926	6220
5114	6220
5115	6220
2927	6220
2967	6220
1056	6220
2919	6220
3237	6220
2872	6220
5116	6220
1056	2432
5117	2432
5046	5033
1056	5033
5118	1593
5119	1593
5120	4397
5121	4397
5122	4397
3995	4397
4096	4397
5123	4397
2245	4397
4763	4397
2398	4397
1976	4397
5124	4397
5125	4397
5126	4397
4399	4397
5127	4397
5128	4397
5129	4397
5130	4397
5131	4397
5132	4608
5133	6221
144	268
5134	268
5135	268
5136	268
5137	268
5138	268
5139	268
5140	268
5141	268
5142	268
5143	268
5144	268
5145	268
5146	268
5147	268
1620	268
4784	268
263	268
1847	268
5148	268
2255	268
5149	268
5150	268
2332	268
5151	268
3939	268
1673	268
1813	268
1850	268
1325	268
5152	268
5153	268
5154	268
5155	268
5156	268
5157	268
5158	268
5159	268
5160	268
5161	268
285	268
5162	268
5163	268
5164	268
3027	268
5165	268
5166	268
5167	268
1690	268
5168	268
5169	268
5170	268
2596	4797
2384	1925
2385	1925
1926	1925
264	1925
1008	1925
5171	1525
5172	1525
1523	1525
890	1525
5173	1525
5174	1525
5175	1525
5176	206
5177	206
5178	206
893	206
5179	206
5180	206
263	206
5181	206
5182	206
5183	206
5184	206
5185	206
3512	206
3513	206
5186	206
3514	206
5187	206
2567	206
3516	206
3519	206
5188	206
3520	206
5189	206
1673	206
5190	206
5191	206
5192	206
5193	4119
1582	4119
263	4119
1767	4119
1115	3695
4861	3695
2759	574
404	574
2608	574
5194	574
571	574
2912	574
5195	1770
1764	1770
448	1770
622	1770
623	1770
264	1770
5151	1770
2292	1770
1337	1770
244	1770
404	1770
2760	1770
2144	1770
2145	1770
2522	1770
1348	1770
2667	1770
5196	1770
5197	1770
5198	1770
5199	6222
5200	6222
5201	2340
2338	2340
5202	2340
5203	2340
2303	2340
5204	2340
4344	2340
5205	2340
448	6223
5206	6223
3813	6223
5207	6223
890	3360
1970	3360
893	3360
1971	3360
894	3360
1972	3360
671	3360
2864	3360
3363	3360
1973	3360
2799	3360
1055	3360
2249	3360
5208	3360
2409	3360
1975	3360
1976	3360
5209	3360
5210	3360
5211	3360
3253	6224
5212	6225
5213	6225
5214	6225
5215	6225
5216	6225
5217	6225
5218	6225
5219	6225
5220	6225
5221	6225
5222	6225
5223	6225
5224	6225
5225	6225
5226	6225
5227	6225
5228	6225
5229	6225
5230	6225
5231	6225
5232	6225
5233	6225
5234	6225
5235	6225
5236	6225
5237	6225
5238	6225
5239	6225
5240	6225
5241	6225
5242	6225
5243	6225
5244	6225
5245	6225
5246	6225
5247	6225
5248	6225
5249	6225
5250	6225
5251	6225
5252	6225
3578	6225
5253	6225
5254	6225
5255	6225
5256	6225
5257	6225
5258	6225
5259	6225
5260	6225
5261	6225
5262	6225
5263	6225
5264	6225
5265	6225
5266	6225
5267	6225
5268	6225
5269	6225
5270	6225
5271	6225
5272	6225
5273	6225
5274	6225
5275	6225
5276	6225
5277	6225
5278	6225
5279	6225
5280	6225
5281	6225
5282	6225
5283	6225
5284	6225
5285	6225
5286	6225
5287	6225
5288	6225
5289	6225
5290	6225
5291	6225
5292	6225
5293	6225
5294	6225
5295	6225
5296	6225
5297	6225
5298	6225
5299	6225
5300	6225
5301	6225
5302	6225
5303	6225
5304	6225
5305	6225
5306	6225
5307	6225
5308	6225
5309	6225
5310	6225
5311	6225
5312	6225
5313	6225
5314	6225
5315	6225
5316	6225
5317	6225
5318	6225
5319	6225
5320	6225
5321	6225
5322	6225
5323	6225
5324	6225
5325	6225
5326	6225
5327	6225
5328	6225
5329	6225
5330	6225
5331	6225
5332	6225
5333	6225
5334	6225
5335	6225
5336	6225
5337	6225
5338	6225
5339	6225
5340	6225
5341	6225
5342	6225
5343	6225
5344	6225
5345	6225
5346	6225
5347	6225
5348	6225
5349	6225
5350	6225
5351	6225
5352	6225
5353	6225
5354	6225
5355	6225
5356	6225
5357	6225
5358	6225
2680	6226
2379	6226
5359	6226
2806	6226
264	6226
448	6226
2676	6226
2475	6226
2677	6226
3366	6226
3385	6227
5360	6228
5361	6228
5362	2919
5363	2919
1056	2919
2191	2919
4137	2919
3420	2919
2967	2919
4930	2919
5364	2919
4560	4559
452	4559
1725	4559
4561	4559
1879	4559
2639	4559
5365	1537
5366	1537
1056	1537
5367	1537
4147	1537
3244	1537
3961	1537
2320	3357
5368	3357
4695	3357
5369	3357
5370	3357
5371	3357
3969	3357
3971	3357
5372	3357
893	3357
2320	6229
4695	6229
5373	6229
2321	6229
3969	6229
5374	6229
5375	6229
3971	6229
5368	6229
5376	4763
5377	4763
5378	4763
5379	4763
5380	4763
5381	4763
5382	4763
5383	4763
5384	4763
5385	4763
5386	4763
5387	4763
5388	4763
5389	4763
5390	4763
5391	4763
5392	4763
5393	4763
5394	4763
5395	4763
5396	4763
5397	4763
5398	4763
5399	4763
5400	4763
5401	4763
5402	4763
5403	4763
5404	4763
5405	4763
5406	4763
5407	4763
5408	4763
5409	4763
5410	4763
5411	4763
4648	4763
5412	4763
5413	4763
5414	4763
5415	4763
5416	4763
5417	4763
5418	4763
5419	4763
5420	4763
5421	4763
5422	4763
5423	4763
5424	4763
5425	4763
5426	4763
5427	4763
5428	4763
5429	4763
5430	4763
5431	4763
5432	4763
5433	4763
5434	4763
3100	4763
5435	4763
5436	4763
5437	4763
5438	4763
5439	4763
5440	4763
5441	4763
5442	4763
5443	4763
5444	4763
5445	4763
5446	4763
5447	4763
5448	4763
5449	4763
5450	4763
5451	4763
5452	4763
5453	4763
5454	4763
5455	4763
5456	4763
5457	4763
5458	4763