0 1
0 2
0 3
0 4
0 5
0 6
0 7
0 8
0 9
0 10
0 11
0 14
0 16
0 18
0 20
0 21
0 24
0 36
0 37
0 39
0 40
0 46
0 48
0 51
0 52
0 53
0 60
0 68
0 71
0 74
0 77
0 79
0 88
0 91
0 95
0 98
0 102
0 103
0 104
0 114
0 116
0 118
0 119
0 122
0 124
0 162
0 166
0 178
0 180
0 215
0 224
0 230
0 242
0 253
0 281
0 284
0 293
0 299
1 5
1 7
1 91
1 189
1 208
1 209
1 281
2 5
2 24
2 94
3 6
3 7
3 8
3 11
3 12
3 14
3 15
3 19
3 22
3 23
3 26
3 30
3 41
3 52
3 56
3 77
3 87
3 89
3 100
3 105
3 135
3 144
3 145
3 158
3 179
3 200
3 220
3 227
3 230
3 231
3 245
3 247
3 267
3 279
3 285
3 291
3 292
4 5
4 6
4 37
4 60
4 70
4 129
4 155
5 6
5 7
5 9
5 12
5 13
5 18
5 22
5 25
5 34
5 37
5 38
5 39
5 43
5 45
5 46
5 47
5 49
5 53
5 54
5 72
5 90
5 93
5 97
5 101
5 107
5 133
5 136
5 138
5 171
5 193
5 202
5 215
5 216
5 227
5 229
5 230
5 279
5 281
5 282
5 294
5 299
6 8
6 9
6 10
6 11
6 12
6 13
6 19
6 20
6 23
6 25
6 31
6 38
6 42
6 59
6 60
6 66
6 67
6 69
6 81
6 91
6 96
6 103
6 120
6 127
6 130
6 146
6 164
6 165
6 166
6 197
6 206
6 229
6 256
6 257
6 286
6 293
7 8
7 9
7 10
7 11
7 13
7 15
7 16
7 18
7 27
7 28
7 34
7 35
7 45
7 55
7 58
7 59
7 68
7 72
7 74
7 75
7 86
7 92
7 96
7 101
7 102
7 112
7 113
7 120
7 121
7 128
7 132
7 139
7 143
7 145
7 160
7 163
7 174
7 180
7 182
7 187
7 203
7 208
7 214
7 225
7 229
7 266
7 269
7 282
8 10
8 17
8 23
8 24
8 30
8 35
8 45
8 47
8 73
8 78
8 81
8 85
8 86
8 112
8 128
8 138
8 149
8 198
8 204
8 253
9 17
9 18
9 21
9 52
9 61
9 124
9 135
9 146
9 164
9 207
9 246
10 15
10 17
10 27
10 28
10 30
10 32
10 33
10 42
10 57
10 71
10 75
10 84
10 96
10 97
10 98
10 106
10 108
10 117
10 118
10 128
10 141
10 142
10 151
10 156
10 160
10 167
10 172
10 206
10 228
10 230
10 247
10 248
10 256
10 264
10 276
10 287
11 12
11 14
11 16
11 19
11 20
11 29
11 30
11 32
11 42
11 51
11 62
11 63
11 70
11 87
11 108
11 129
11 133
11 165
11 188
11 195
11 213
11 249
11 250
11 255
11 261
12 13
12 22
12 28
12 29
12 45
12 58
12 64
12 88
12 109
12 179
13 14
13 15
13 16
13 17
13 22
13 26
13 32
13 33
13 35
13 41
13 43
13 51
13 53
13 60
13 62
13 81
13 110
13 123
13 126
13 133
13 143
13 149
13 170
13 171
13 189
13 195
13 201
13 265
13 278
13 280
13 289
13 295
13 298
14 21
14 23
14 25
14 26
14 29
14 43
14 64
14 66
14 68
14 72
14 73
14 98
14 114
14 128
14 145
14 221
14 222
14 254
14 283
14 291
15 19
15 24
15 33
15 36
15 54
15 65
15 66
15 68
15 80
15 88
15 92
15 93
15 129
15 139
15 149
15 153
15 191
15 234
15 253
16 25
16 28
16 40
16 41
16 44
16 55
16 115
16 122
16 123
16 184
16 187
16 214
16 244
17 20
17 27
17 39
17 46
17 95
17 127
17 140
17 176
17 191
17 234
17 239
17 266
17 295
18 27
18 31
18 33
18 52
18 63
18 64
18 74
18 79
18 108
18 161
18 168
18 177
18 214
18 244
18 276
18 279
19 21
19 36
19 38
19 48
19 50
19 64
19 72
19 77
19 94
19 119
19 130
19 165
19 251
20 41
20 95
20 108
20 125
20 140
20 147
20 169
20 221
20 285
21 31
21 40
22 32
22 69
22 158
22 159
22 213
23 49
23 121
23 136
23 138
23 186
23 191
23 192
23 202
23 226
23 279
24 98
24 117
24 151
25 26
25 34
25 50
25 58
25 85
25 99
25 131
25 175
25 185
25 198
25 217
25 226
25 249
25 265
26 51
26 57
26 82
26 84
26 122
26 169
27 29
27 65
27 100
27 107
27 117
27 118
27 144
27 161
27 182
27 198
27 199
27 210
27 226
27 243
27 254
27 259
27 278
28 50
28 57
28 61
28 75
28 77
28 93
28 105
28 109
28 115
28 117
28 134
28 154
28 155
28 157
28 164
28 220
28 223
28 227
28 239
28 245
28 282
28 286
28 296
29 31
29 35
29 36
29 42
29 46
29 53
29 73
29 78
29 83
29 88
29 92
29 99
29 100
29 200
29 218
29 231
29 269
29 272
30 34
30 44
30 69
30 71
30 75
30 113
30 114
30 156
30 207
30 216
30 223
30 241
30 261
30 263
31 43
31 44
31 47
31 54
31 89
31 139
31 255
31 259
31 263
32 37
32 67
32 76
32 80
32 150
32 181
32 191
32 194
32 233
32 241
33 40
33 84
33 85
33 107
33 217
33 242
34 58
34 85
34 123
34 139
34 172
34 204
34 277
34 283
35 73
35 112
35 144
35 148
35 163
35 172
35 177
35 258
36 39
36 97
36 100
36 119
36 121
36 142
36 152
36 159
36 190
36 194
36 198
36 210
36 248
36 270
37 38
37 48
37 204
37 208
37 275
37 286
38 79
38 146
38 255
38 276
39 44
39 47
39 56
39 82
39 89
39 111
39 157
39 209
39 214
39 228
40 49
40 237
40 263
41 50
41 62
41 80
41 99
41 132
41 142
41 206
42 57
42 122
42 185
42 231
43 49
43 66
43 70
43 83
43 146
43 147
43 168
43 171
43 196
43 203
43 259
43 284
43 290
44 67
44 70
44 78
44 87
44 91
44 167
44 252
45 48
45 170
46 61
46 89
46 111
46 178
46 235
46 270
47 56
47 125
47 133
47 174
47 202
47 212
47 217
47 218
47 293
48 65
48 103
48 212
49 55
49 63
49 82
49 151
49 195
49 221
49 239
50 54
50 59
50 65
50 86
50 111
50 135
50 206
50 249
50 274
50 289
51 217
51 219
52 76
52 94
52 102
52 150
52 182
52 207
52 224
53 56
53 59
53 62
53 83
53 109
53 183
53 196
53 271
54 55
54 87
54 96
54 223
54 261
54 289
55 63
55 170
55 204
55 211
55 251
55 284
55 290
56 78
56 137
56 175
57 262
58 61
58 104
58 106
58 210
58 251
59 102
59 158
59 176
59 180
59 186
59 261
60 76
60 113
60 166
60 192
61 92
61 124
61 164
61 207
61 262
61 291
62 79
62 116
62 136
62 141
62 172
62 177
62 182
62 189
62 192
62 196
62 211
62 240
62 268
63 83
63 119
63 185
64 67
64 69
64 81
64 84
64 86
64 90
64 95
64 114
64 132
64 143
64 158
64 181
64 219
64 228
64 241
64 244
64 267
66 126
67 74
67 99
67 111
67 121
67 140
67 155
67 169
67 240
67 268
68 130
68 179
68 209
68 260
68 265
69 127
70 71
70 104
70 105
70 137
70 148
70 165
70 200
70 201
70 224
70 240
70 287
70 290
70 294
70 297
71 76
71 97
71 101
71 105
71 132
71 181
71 213
71 220
71 245
71 287
72 110
73 124
73 246
74 149
74 154
74 163
74 168
74 176
74 183
74 197
74 260
74 299
75 126
75 154
75 203
76 174
76 209
76 259
77 80
77 82
77 113
77 137
77 173
77 190
77 195
77 222
77 225
77 288
78 101
78 118
78 123
78 134
78 267
79 167
79 175
79 196
79 218
80 141
80 151
80 288
81 135
82 93
82 107
82 112
82 120
82 150
82 211
82 296
83 116
83 173
83 238
84 144
84 157
84 275
85 103
85 120
86 199
86 239
87 115
87 205
88 90
89 90
89 125
89 142
89 153
89 162
89 180
89 188
89 224
90 199
91 129
92 94
92 138
92 170
92 242
94 106
94 110
94 152
95 131
96 153
96 185
96 231
96 280
97 109
97 136
97 173
97 266
97 281
98 167
98 197
98 216
101 104
101 141
101 162
101 175
101 205
101 246
101 262
101 266
103 143
103 153
103 233
103 269
104 247
104 252
105 106
105 116
105 163
106 110
106 115
106 147
107 134
107 257
108 181
108 297
109 174
109 212
110 177
110 189
111 126
111 159
111 184
112 137
112 203
112 235
112 292
112 298
113 176
113 271
114 131
114 183
114 202
114 269
115 145
115 156
115 200
115 245
116 125
116 188
116 211
116 270
116 282
117 156
117 187
118 152
118 155
118 186
118 201
118 232
118 244
118 249
118 250
119 140
119 166
119 250
120 201
120 215
120 294
121 131
121 298
122 157
122 252
123 127
123 188
123 219
124 169
124 238
125 159
125 234
125 248
127 193
127 233
128 179
128 205
128 212
128 215
128 235
129 130
129 241
131 134
131 193
132 162
132 233
132 273
133 148
133 199
134 221
134 285
135 161
135 187
135 232
137 148
137 208
138 152
138 160
138 277
139 294
140 257
140 264
141 178
141 197
141 255
142 147
142 186
142 229
142 236
142 274
143 219
143 246
144 154
144 223
144 242
146 256
146 260
147 150
148 184
149 184
149 285
150 243
150 257
151 232
151 283
152 168
152 183
152 256
153 222
154 160
154 216
154 263
156 178
156 194
157 161
157 227
158 270
160 192
161 171
161 213
161 289
162 291
168 173
168 248
169 283
170 235
170 293
170 297
171 193
172 194
172 210
178 237
180 228
181 265
183 243
184 190
184 205
188 190
188 237
190 243
190 271
190 273
190 288
192 280
193 238
193 254
193 273
193 278
193 286
194 232
194 254
196 260
198 222
198 225
198 274
200 226
202 247
202 272
203 236
203 275
205 225
205 252
205 258
205 276
205 288
206 218
207 220
207 268
209 236
209 272
210 275
212 264
213 238
213 250
213 258
213 277
217 234
217 284
218 299
220 236
220 253
222 237
225 262
225 278
226 268
228 267
231 240
231 264
231 287
234 274
234 290
238 296
239 277
240 271
242 298
243 258
243 292
245 251
249 297
255 273
268 272
270 296
276 295
278 292
279 280
292 295
