0 3
0 4
0 9
1 2
1 6
1 160
2 5
2 8
3 11
3 184
6 9
6 216
7 8
7 216
7 228
9 10
10 185
11 12
11 16
11 52
11 175
12 14
12 175
13 16
13 18
13 159
14 21
15 161
15 177
16 17
16 18
17 18
18 52
18 54
19 21
19 123
19 177
20 21
20 22
20 136
20 177
22 124
23 47
23 49
23 50
24 26
24 27
24 162
25 42
25 188
25 207
26 42
26 181
27 42
27 181
27 188
28 29
28 45
29 30
29 31
29 188
30 34
31 51
32 34
32 46
32 182
33 45
33 46
35 37
35 174
36 37
36 210
37 39
37 57
38 39
39 40
39 540
41 172
42 45
42 188
43 44
43 46
43 48
43 50
44 45
44 46
44 51
44 181
45 156
47 48
47 49
48 49
48 181
52 53
53 54
53 184
55 59
55 60
55 188
56 60
56 189
57 58
58 60
59 210
61 63
61 66
62 63
62 64
62 65
63 64
63 66
63 183
65 615
67 87
67 89
67 93
68 69
68 70
68 73
68 90
68 102
69 92
69 97
69 125
69 128
69 142
69 170
69 206
70 90
70 95
70 96
70 105
71 74
71 106
71 151
72 80
72 82
72 88
73 77
73 79
74 102
74 106
74 122
74 126
75 100
75 130
75 152
76 94
76 116
76 131
76 157
77 84
77 95
77 96
77 105
78 80
78 83
78 87
78 116
78 150
79 81
79 84
79 96
79 100
80 82
80 147
80 150
81 95
81 100
82 102
82 126
82 148
83 85
83 98
83 103
83 147
84 96
84 105
84 145
85 86
85 87
86 98
86 101
86 104
86 109
86 110
86 147
86 148
87 94
87 101
88 91
88 95
89 130
89 157
89 158
90 143
91 116
91 145
92 97
92 176
92 192
93 130
93 153
94 103
94 104
94 116
94 150
94 158
95 145
96 97
96 105
97 127
97 128
98 99
98 101
98 104
99 117
99 133
99 141
99 146
101 109
101 110
101 135
102 143
102 151
103 150
104 131
106 107
106 114
106 122
107 113
107 114
107 120
107 122
107 123
108 110
108 114
108 115
108 122
109 110
109 112
109 135
109 139
110 111
110 112
110 115
110 119
110 137
110 139
110 140
111 112
111 133
111 135
112 115
112 121
112 132
112 133
112 134
112 137
112 139
113 114
113 121
113 134
113 138
114 115
114 118
114 120
114 122
114 123
115 122
115 137
115 139
116 117
116 131
117 144
117 149
117 154
118 119
118 122
118 124
118 125
118 136
118 140
118 142
119 149
120 124
121 134
121 138
121 139
125 126
126 151
127 128
127 152
128 144
128 146
129 130
129 152
129 154
130 153
132 133
132 137
133 139
134 137
134 138
137 139
138 139
141 149
142 143
144 145
146 147
147 148
149 150
154 155
155 157
155 158
159 184
160 204
161 187
162 163
162 164
162 187
162 202
164 200
165 166
165 218
166 193
166 194
167 177
167 182
168 169
168 170
168 171
168 215
169 188
169 210
170 183
170 192
170 209
171 172
171 173
171 183
171 192
171 627
171 630
172 173
172 174
172 189
174 189
174 666
176 192
178 179
178 207
179 183
179 191
179 211
179 625
180 187
180 214
181 203
182 214
184 187
184 205
185 204
185 212
186 193
187 190
189 517
190 204
190 205
191 192
192 209
192 213
193 195
194 202
195 196
195 197
195 684
196 289
197 198
197 199
198 420
199 200
199 203
201 202
201 208
201 212
204 211
206 213
206 214
206 215
211 212
211 214
216 217
216 267
217 218
217 219
217 236
217 670
217 671
218 671
219 266
219 669
219 670
220 232
220 234
220 235
221 255
222 223
222 225
222 264
222 672
223 224
224 228
224 264
224 265
224 672
225 226
225 227
225 229
225 672
226 230
226 231
226 232
227 235
227 265
228 255
228 264
228 265
228 267
229 230
229 231
229 233
229 234
229 235
229 255
229 264
232 233
235 252
236 237
236 251
236 268
237 238
237 239
237 252
237 260
238 239
238 240
238 241
238 252
238 260
238 674
239 240
239 260
239 261
239 674
240 242
240 252
240 258
240 261
240 674
240 676
241 263
241 673
242 245
242 254
242 678
242 679
243 244
243 675
243 677
244 260
244 675
244 676
244 677
245 246
245 253
245 254
245 675
245 678
245 679
246 247
246 254
246 258
246 679
246 680
247 253
248 258
248 683
249 250
249 254
250 254
251 255
251 259
252 267
252 676
253 257
253 268
254 678
254 679
254 682
256 257
257 258
258 683
259 262
259 267
259 668
260 261
261 263
261 674
261 676
262 263
264 265
269 270
269 272
269 275
269 276
269 277
269 279
269 282
269 286
269 296
270 274
270 276
270 279
271 273
272 273
272 276
272 277
272 279
273 276
273 277
274 276
274 277
275 279
275 280
275 282
275 283
276 277
276 279
277 278
277 286
277 296
278 289
280 281
280 282
280 283
280 288
280 289
280 294
281 295
281 300
281 309
281 310
281 311
282 288
282 289
282 294
282 296
284 285
284 287
284 288
284 290
284 292
284 294
284 295
284 296
284 297
285 294
285 296
285 297
285 314
286 292
286 294
286 296
287 290
287 292
287 297
287 306
288 289
288 292
288 294
288 296
288 297
289 291
289 294
289 308
290 291
290 293
290 297
290 314
291 308
292 293
294 295
294 296
294 297
294 310
295 300
295 309
295 310
295 311
296 297
298 299
298 302
298 304
298 313
299 304
299 305
299 307
300 309
300 310
300 311
301 312
302 304
303 307
303 312
304 305
304 311
305 307
305 311
305 312
306 309
307 308
309 310
309 311
309 314
310 311
311 312
315 407
316 317
316 323
316 338
316 342
316 343
316 356
316 362
316 372
316 430
316 434
316 440
316 445
317 434
317 445
318 319
318 359
318 362
318 363
319 320
319 321
320 321
320 322
320 323
320 426
320 437
320 441
322 436
322 437
322 439
322 441
322 445
323 426
323 441
323 445
324 338
324 426
324 444
324 445
325 327
325 338
325 444
326 327
326 408
327 329
327 408
327 429
327 435
328 335
328 423
328 429
329 330
329 335
330 335
330 423
330 435
331 332
331 346
332 333
332 334
332 335
332 423
333 335
334 335
334 423
335 336
335 337
335 343
336 337
336 344
336 348
337 344
338 339
338 340
339 340
339 426
340 341
340 356
340 359
340 361
340 427
340 440
341 346
342 343
342 344
342 356
342 430
342 440
343 344
343 372
344 345
344 353
344 374
345 347
346 351
346 442
347 348
348 352
348 353
348 432
348 433
348 442
349 350
349 367
349 380
349 381
349 432
349 433
350 352
351 352
351 375
352 380
353 374
354 355
354 365
354 366
354 369
354 372
354 428
354 430
355 357
356 357
356 359
356 428
356 440
357 359
357 428
358 359
358 360
358 362
358 365
358 428
359 440
360 362
362 363
363 364
364 398
365 366
365 401
365 428
366 368
366 401
366 403
366 428
368 371
369 371
370 371
370 430
371 397
371 403
372 374
372 430
373 377
374 376
374 397
374 410
375 377
375 391
375 447
376 379
376 380
376 383
376 384
376 389
376 446
377 378
377 387
377 389
377 446
378 386
379 380
380 382
381 382
382 383
384 389
384 446
385 387
386 387
386 392
386 446
387 388
387 392
388 389
388 392
389 390
390 393
391 392
391 405
392 393
392 394
392 397
392 402
392 403
392 410
392 430
393 394
393 395
394 397
394 403
394 410
395 396
396 409
397 402
397 403
397 410
398 400
398 401
399 400
399 402
400 407
401 428
402 403
402 406
402 410
403 410
403 428
404 406
404 407
405 406
405 420
405 427
406 409
406 411
406 412
407 415
409 410
409 413
409 416
411 412
412 413
412 416
413 414
413 416
414 415
414 416
414 424
415 416
416 417
416 418
417 421
418 419
418 421
419 422
420 421
423 429
425 426
425 523
426 441
427 428
431 443
431 445
434 443
434 445
436 437
437 503
438 439
438 455
439 455
443 444
443 445
446 447
448 462
448 464
448 501
449 465
449 466
449 481
450 456
450 459
450 667
451 452
451 453
451 454
451 533
452 453
452 485
452 511
452 532
453 470
453 474
454 461
454 534
455 465
455 483
455 503
456 460
457 465
457 466
457 541
458 459
458 478
458 667
459 460
459 461
459 517
460 464
460 476
460 541
461 462
461 464
462 556
463 472
463 478
463 664
464 476
464 517
466 471
466 476
466 483
466 542
467 475
467 480
467 500
468 473
468 664
468 666
469 477
469 484
469 545
469 596
469 597
470 474
470 546
471 476
471 481
471 488
471 522
472 477
472 482
472 665
473 478
473 524
473 665
474 596
475 480
475 487
476 530
477 576
477 596
478 479
479 524
479 666
480 488
480 522
480 525
481 488
481 518
481 522
482 484
483 518
484 544
484 545
485 486
485 494
485 496
485 498
485 499
485 500
485 511
486 501
486 520
486 537
487 488
487 498
488 490
488 491
488 502
488 507
488 518
488 522
488 535
489 513
489 520
489 526
489 528
490 501
490 521
491 497
491 502
491 507
491 519
491 535
491 539
492 505
492 508
492 514
493 510
494 516
494 543
495 496
495 508
495 519
496 497
496 499
496 520
497 519
497 539
498 499
500 501
501 525
502 539
503 504
504 507
505 507
506 507
507 535
508 528
509 514
509 516
510 511
510 516
510 527
512 514
512 543
513 515
513 531
513 537
514 515
516 543
517 530
519 526
521 522
521 525
521 530
523 536
523 542
524 557
526 528
526 529
529 535
530 542
531 532
532 533
533 534
534 556
535 536
537 543
538 576
538 597
540 541
544 545
544 546
544 547
544 548
547 596
548 596
549 550
549 554
549 562
549 611
549 635
549 642
549 653
550 652
551 552
551 553
551 578
551 629
551 640
552 582
552 583
552 590
552 604
552 648
552 649
553 577
553 590
553 606
553 611
553 616
553 622
553 633
553 657
554 613
554 626
555 557
555 611
555 626
555 631
555 634
556 557
556 638
558 560
558 576
558 600
558 616
559 561
559 576
559 577
559 599
560 565
560 566
560 578
561 562
561 564
561 576
561 602
562 563
562 647
563 564
563 569
563 612
563 613
564 569
564 623
564 642
565 567
565 568
565 624
565 641
566 568
566 575
566 644
567 569
568 569
568 612
568 613
569 570
569 639
569 662
570 592
570 651
571 572
571 592
571 659
572 615
572 646
572 647
573 600
573 617
573 636
574 576
574 599
574 600
575 617
575 658
577 589
577 594
578 604
578 624
579 580
579 582
580 581
580 585
580 610
580 618
581 582
581 648
582 602
582 605
583 605
583 621
584 618
584 621
584 645
585 586
585 660
586 588
586 605
587 588
587 643
587 645
588 589
588 591
588 608
589 616
589 622
589 657
590 602
590 628
590 652
591 593
591 594
591 607
592 651
593 594
593 595
593 601
595 596
595 601
595 606
596 601
598 603
598 610
598 618
598 645
598 650
599 646
602 623
603 604
603 649
604 643
604 650
606 607
606 620
606 654
607 608
608 609
608 622
608 657
609 621
609 661
610 648
610 660
611 644
611 663
612 613
612 644
614 615
614 635
614 647
615 617
615 619
615 636
615 658
617 651
618 649
619 651
620 654
621 660
623 624
623 628
624 629
625 626
625 632
626 635
627 636
627 653
628 629
630 644
631 637
631 638
631 665
632 633
632 655
636 646
637 656
637 663
639 644
640 641
640 644
643 661
644 658
644 663
652 662
652 663
655 656
668 669
670 671
673 674
675 677
677 678
678 679
680 681
681 682
