2 1
2 212
2 241
1 43
1 87
1 212
1 241
1 170
4 3
4 143
4 144
3 35
3 44
3 86
3 144
3 200
3 170
6 5
6 145
6 146
5 38
5 85
5 146
5 214
5 170
8 7
8 147
8 148
7 39
7 84
7 147
7 214
7 37
7 170
10 9
10 215
10 242
9 56
9 94
9 215
9 242
9 171
12 11
12 149
12 150
11 48
11 57
11 93
11 150
11 179
11 171
14 13
14 151
14 152
13 51
13 92
13 152
13 217
13 171
16 15
16 153
16 154
15 52
15 91
15 153
15 217
15 50
15 171
18 17
18 218
18 243
17 69
17 101
17 218
17 243
17 173
20 19
20 155
20 156
19 61
19 70
19 100
19 156
19 185
19 173
22 21
22 157
22 158
21 64
21 99
21 158
21 220
21 173
24 23
24 159
24 160
23 65
23 98
23 159
23 220
23 63
23 173
26 25
26 221
26 244
25 108
25 221
25 244
28 27
28 223
28 80
27 78
27 107
27 223
27 191
30 29
30 161
30 162
29 74
29 79
29 106
29 162
29 165
29 222
32 31
32 163
32 164
31 75
31 105
31 163
31 73
34 33
34 45
34 143
34 214
34 42
33 144
35 143
37 36
37 145
37 41
36 146
38 145
39 148
41 40
41 42
41 83
41 90
41 97
41 104
41 148
41 54
41 195
41 89
41 96
41 103
41 110
40 147
42 213
43 166
44 212
44 213
44 166
45 212
47 46
47 58
47 149
47 217
47 55
46 150
48 149
50 49
50 151
50 54
49 152
51 151
52 154
54 53
54 55
54 154
54 166
54 67
53 153
55 216
56 167
57 215
57 216
57 167
58 215
60 59
60 71
60 155
60 220
60 68
59 156
61 155
63 62
63 157
63 67
62 158
64 157
65 160
67 66
67 68
67 160
67 167
67 77
66 159
68 219
69 168
70 218
70 219
70 168
71 218
73 72
73 82
73 161
73 224
73 77
72 162
74 161
75 164
77 76
77 164
77 168
76 163
78 221
78 224
78 81
79 224
81 80
81 165
82 165
82 222
83 193
84 89
84 193
85 245
85 112
86 114
87 200
89 88
89 112
88 245
90 175
91 96
91 175
92 246
92 176
93 177
94 179
96 95
96 176
95 246
97 181
98 103
98 181
99 247
99 182
100 183
101 185
103 102
103 182
102 247
104 187
105 110
105 187
106 248
106 188
107 189
108 191
110 109
110 188
109 248
112 111
111 226
114 113
114 245
113 225
116 115
115 226
118 117
117 225
120 119
120 170
120 176
119 228
122 121
122 170
122 177
121 227
124 123
123 228
126 125
125 227
128 127
128 169
128 182
127 230
130 129
130 169
130 183
129 229
132 131
131 230
134 133
133 229
136 135
136 172
136 188
135 232
138 137
138 172
138 189
137 231
140 139
139 232
142 141
141 231
166 214
167 217
168 220
170 169
170 174
170 178
169 171
169 172
169 180
169 184
172 173
172 186
172 190
174 175
174 197
177 246
178 179
178 204
179 246
180 181
180 202
183 247
184 185
184 208
185 247
186 187
186 206
189 248
190 191
190 210
191 248
193 192
192 194
192 249
195 196
195 249
197 198
197 250
200 199
200 245
199 201
199 250
202 203
202 251
204 205
204 251
206 207
206 252
208 209
208 252
210 211
210 240
214 213
213 241
217 216
216 242
220 219
219 243
222 221
222 223
224 244
225 234
226 234
227 235
228 235
229 237
230 237
231 239
232 239
234 233
234 249
233 235
233 236
235 250
236 237
236 238
237 251
238 239
238 240
239 252
