0 9
0 60
0 251
0 334
0 608
0 850
0 1290
0 1382
0 1670
0 1895
0 1934
0 1990
1 607
1 1060
1 1715
1 1929
2 18
2 178
2 283
2 795
2 1178
2 1610
2 1681
2 1933
3 673
3 994
3 1077
3 1084
3 1347
3 1458
3 1503
3 1655
3 1807
4 20
4 171
4 289
4 968
4 1274
5 386
5 650
5 758
5 862
5 1104
5 1415
5 1557
5 1609
5 1759
6 720
6 1341
6 1358
6 1998
7 30
7 181
7 399
7 447
7 722
7 764
7 1302
7 1360
7 1503
7 1789
8 39
8 532
8 641
8 704
8 1407
8 1698
8 1920
9 91
9 568
9 731
9 856
9 982
9 1007
9 1251
9 1289
9 1488
9 1852
10 363
10 644
10 767
10 789
10 1205
10 1974
11 65
11 210
11 586
11 862
11 933
11 1058
11 1405
11 1785
12 133
12 256
12 396
12 408
12 533
12 695
12 949
12 1102
13 151
13 262
13 909
13 1606
13 1788
13 1889
14 142
14 337
14 699
14 1750
14 1768
14 1791
15 240
15 674
15 732
15 934
15 1112
15 1180
15 1781
16 90
16 1273
16 1278
16 1469
16 1524
16 1802
17 415
17 851
17 852
17 938
17 1105
17 1437
18 126
18 154
18 300
18 421
18 549
18 928
18 1127
18 1623
18 1638
18 1741
19 55
19 199
19 575
19 630
19 670
19 918
19 1144
19 1345
19 1378
19 1490
19 1922
20 136
20 510
20 827
20 834
20 883
20 1066
20 1673
20 1878
21 25
21 65
21 94
21 540
21 1157
21 1322
21 1712
21 1730
22 84
22 724
22 807
22 1267
22 1342
22 1381
22 1504
22 1769
23 573
23 770
23 1201
23 1286
24 59
24 210
24 273
24 470
24 547
24 1060
24 1313
24 1539
24 1620
25 127
25 129
25 283
25 304
25 546
25 748
25 877
25 1559
25 1711
25 1836
25 1871
25 1951
26 180
26 259
26 334
26 1006
26 1022
26 1052
26 1575
26 1769
26 1802
26 1812
26 1844
27 553
27 574
27 607
27 635
27 908
27 1253
27 1323
27 1437
28 251
28 341
28 379
28 904
28 1851
28 1866
28 1907
29 52
29 199
29 205
29 406
29 617
29 1465
29 1715
30 112
30 153
30 275
30 352
30 394
30 703
30 1527
30 1787
30 1826
30 1976
31 71
31 151
31 495
31 769
31 861
32 264
32 521
32 859
32 991
32 1132
32 1171
32 1433
32 1713
32 1848
32 1861
32 1899
32 1964
33 196
33 1286
33 1914
33 1941
34 215
34 522
34 861
34 890
34 1203
34 1374
34 1603
34 1904
34 1926
35 120
35 762
35 766
35 1300
35 1401
35 1458
35 1487
35 1944
36 229
36 262
36 380
36 590
36 1409
36 1572
36 1706
36 1939
37 51
37 203
37 915
37 1241
37 1810
37 1813
38 103
38 192
38 295
38 603
38 871
38 1042
39 174
39 179
39 429
39 770
39 924
39 1097
39 1301
40 166
40 474
40 651
40 999
40 1305
40 1529
40 1809
41 74
41 116
41 656
41 896
41 1260
41 1612
42 76
42 417
42 641
42 757
42 1194
42 1216
43 388
43 438
43 663
43 774
43 800
43 1699
43 1772
43 1935
44 702
44 819
44 1254
44 1738
44 1917
45 48
45 502
45 671
45 975
45 1602
45 1838
46 221
46 659
46 886
46 1040
46 1222
46 1317
46 1386
46 1496
46 1577
46 1596
46 1646
46 1918
47 50
47 530
47 715
47 881
47 1101
47 1135
47 1170
48 128
48 419
48 441
48 492
48 1062
48 1076
48 1138
48 1459
48 1467
48 1509
48 1529
48 1547
49 653
49 1022
49 1551
49 1571
49 1697
49 1740
49 1855
50 526
50 687
50 1133
50 1209
50 1355
50 1541
50 1663
50 1731
50 1947
51 60
51 64
51 1189
51 1357
51 1568
51 1648
51 1657
51 1945
51 1988
52 470
52 1222
52 1258
52 1428
52 1469
52 1784
52 1899
53 361
53 417
53 455
53 647
53 881
53 929
53 1006
53 1085
53 1103
53 1161
53 1225
53 1302
53 1342
53 1671
53 1728
53 1872
54 125
54 174
54 572
54 1009
54 1463
54 1594
54 1602
54 1694
54 1830
55 215
55 739
55 1562
55 1700
56 1488
56 1548
56 1748
56 1798
56 1916
56 1975
57 819
57 1185
57 1502
57 1708
57 1920
58 328
58 553
58 591
58 980
58 1219
58 1282
58 1381
58 1651
58 1782
59 500
59 939
59 1033
59 1098
59 1110
59 1355
59 1491
59 1927
60 181
60 1122
60 1701
60 1896
60 1921
61 459
61 481
61 795
61 1461
62 347
62 497
62 664
62 880
62 1061
62 1267
63 276
63 341
63 461
63 794
63 1205
63 1306
64 287
64 478
64 1104
64 1288
64 1700
65 176
65 199
65 263
65 278
65 886
65 1402
65 1557
66 163
66 183
66 184
66 1031
66 1985
67 137
67 381
67 470
67 493
67 994
67 1270
67 1882
67 1939
68 187
68 223
68 756
68 1282
68 1325
68 1428
68 1659
69 234
69 319
69 514
69 669
69 844
69 861
69 903
69 1037
69 1283
70 608
70 757
70 760
70 783
70 873
70 1207
70 1715
70 1898
71 269
71 740
71 850
71 881
71 1088
71 1310
71 1622
71 1645
71 1725
72 111
72 194
72 207
72 314
72 488
72 684
72 703
72 717
72 959
72 1335
72 1899
73 213
73 277
73 296
73 327
73 528
73 688
73 1016
73 1379
73 1788
73 1817
73 1840
74 312
74 990
74 1385
74 1551
74 1563
74 1763
74 1931
74 1987
75 277
75 325
75 371
75 1048
75 1054
75 1373
75 1520
76 403
76 420
76 626
76 668
76 1057
76 1223
76 1547
76 1583
77 615
77 1080
77 1599
77 1954
78 126
78 349
78 660
78 1623
78 1819
78 1890
78 1910
79 126
79 480
79 1658
80 941
80 1578
81 651
81 656
81 866
81 978
81 1037
81 1162
81 1273
81 1535
81 1602
81 1658
82 228
82 335
82 510
82 533
82 797
82 1191
82 1249
82 1808
82 1883
83 173
83 260
83 306
83 378
83 379
83 555
83 718
83 882
83 980
83 1228
83 1251
83 1436
83 1730
83 1928
84 185
84 232
84 246
84 303
84 405
84 1153
84 1269
84 1480
84 1968
85 119
85 209
85 294
85 920
85 923
85 1207
85 1251
85 1534
85 1617
85 1726
85 1759
86 483
86 710
86 1020
86 1147
86 1217
86 1988
87 132
87 515
87 811
87 1491
87 1580
87 1879
88 115
88 258
88 506
88 1013
88 1820
89 136
89 241
89 405
89 406
89 971
89 980
89 1334
89 1881
89 1971
90 134
90 189
90 234
90 242
90 807
91 1093
91 1897
92 161
92 192
92 236
92 305
92 562
92 671
92 1152
92 1407
93 103
93 232
93 689
93 1004
93 1593
93 1845
94 710
94 875
95 816
95 1686
95 1796
96 176
96 287
96 339
96 395
96 637
96 713
96 867
96 1053
96 1503
96 1558
96 1760
96 1848
97 817
97 1043
97 1075
97 1575
97 1993
98 454
98 820
98 1259
99 1448
100 217
100 975
100 1284
100 1324
101 626
101 629
101 632
101 1080
101 1571
101 1608
101 1890
101 1902
102 1335
102 1606
103 217
103 333
103 396
103 508
103 543
103 644
103 1462
103 1773
104 130
104 568
104 758
104 782
104 828
104 1036
104 1970
105 329
105 405
105 1078
105 1135
105 1971
106 239
106 511
106 616
106 1347
106 1443
106 1541
106 1687
107 285
107 396
107 623
107 922
107 941
107 1014
107 1100
107 1207
107 1227
107 1409
107 1433
107 1815
108 249
108 401
108 1247
108 1314
108 1556
108 1981
109 249
109 658
109 792
110 219
110 462
110 541
110 623
110 789
110 1162
110 1197
110 1480
110 1921
111 927
111 1125
111 1200
111 1555
111 1726
111 1947
112 413
112 616
112 626
112 1215
112 1266
112 1991
113 356
113 732
113 819
113 1387
113 1398
113 1743
113 1912
114 119
114 347
114 518
114 625
114 704
114 708
114 1440
114 1620
115 218
115 852
115 906
115 1167
115 1551
115 1734
115 1786
115 1814
115 1844
116 172
116 794
116 902
116 1680
117 185
117 298
117 421
117 449
117 511
117 568
117 620
117 664
117 714
117 1032
117 1076
117 1172
117 1384
117 1691
118 317
118 438
118 1437
118 1795
119 551
119 598
119 693
119 969
119 1304
119 1500
119 1842
120 560
120 997
120 1170
120 1197
120 1797
120 1846
120 1862
120 1926
120 1949
121 577
121 660
121 1706
121 1892
122 160
122 222
122 367
122 587
122 642
123 209
123 228
123 350
123 684
123 1397
123 1423
124 489
124 570
124 722
124 971
124 1162
124 1176
124 1186
124 1245
124 1510
124 1680
124 1888
125 541
125 563
125 753
125 863
125 991
125 1096
125 1173
125 1947
125 1992
126 169
126 220
126 318
126 603
126 1014
126 1016
126 1162
126 1270
126 1370
126 1663
126 1806
126 1817
126 1818
127 341
127 481
127 539
127 761
127 800
127 1004
127 1084
127 1630
127 1907
128 647
128 751
128 1145
128 1389
128 1579
128 1716
129 414
129 506
129 522
129 792
129 1174
129 1219
129 1504
129 1601
129 1861
129 1931
130 162
130 262
130 456
130 759
130 763
130 785
130 1219
130 1315
130 1694
130 1716
131 332
131 490
131 681
131 878
131 930
131 1149
131 1256
131 1294
131 1491
131 1754
131 1957
132 655
132 682
132 763
132 1199
132 1329
132 1414
132 1518
132 1877
133 152
133 171
133 188
133 511
133 698
133 719
133 749
133 1008
133 1794
133 1949
134 245
134 287
134 289
134 591
134 1048
134 1174
134 1909
135 704
135 709
135 1398
135 1929
136 309
136 498
136 519
136 954
136 1111
136 1552
136 1662
136 1922
136 1953
136 1974
137 657
137 818
137 821
137 1001
137 1399
137 1489
137 1595
137 1892
138 269
138 529
138 1134
138 1339
138 1446
138 1623
138 1729
139 627
139 707
139 1066
139 1100
139 1118
139 1145
139 1878
140 533
140 866
140 1008
140 1038
140 1435
141 162
141 361
141 371
141 702
141 1041
141 1336
141 1620
141 1813
142 403
142 690
142 1383
142 1592
142 1644
142 1701
142 1941
143 501
143 615
143 818
143 1752
143 1788
143 1933
144 212
144 477
144 922
144 1758
145 297
145 723
145 920
145 1169
145 1219
145 1555
145 1577
146 166
146 195
146 410
146 479
146 606
146 1031
146 1244
146 1599
147 173
147 585
147 1014
147 1307
147 1560
147 1656
147 1666
148 866
148 937
148 1448
148 1545
148 1622
148 1736
148 1794
148 1864
149 161
149 449
149 482
149 635
149 636
149 1120
149 1531
149 1541
149 1715
149 1888
150 151
150 270
150 1039
150 1341
150 1510
150 1610
150 1955
151 457
151 1054
151 1660
151 1752
151 1830
151 1926
152 371
152 382
152 771
152 1346
152 1927
153 784
153 1192
154 541
154 1288
154 1724
154 1987
155 355
155 478
155 760
155 1243
155 1318
155 1369
155 1498
155 1753
155 1770
155 1852
155 1932
156 233
156 249
156 260
156 676
156 778
156 1014
156 1065
156 1246
156 1306
156 1512
156 1822
157 209
157 324
157 325
157 595
157 738
157 750
157 794
157 1520
157 1867
157 1986
158 491
158 920
158 944
158 1622
158 1721
158 1888
159 322
159 465
159 576
159 1227
159 1389
160 339
160 727
160 875
160 1781
161 181
161 277
161 584
161 651
161 693
161 770
161 1024
161 1151
161 1181
161 1239
161 1331
161 1375
161 1897
161 1928
161 1978
162 488
162 602
162 735
162 1096
162 1355
162 1778
163 197
163 450
163 805
163 821
163 989
163 1021
163 1180
163 1219
163 1663
164 502
164 566
164 1068
164 1292
164 1430
164 1816
164 1906
164 1950
165 174
165 190
165 565
165 1243
165 1750
165 1879
165 1973
166 290
166 1480
167 291
167 1523
167 1646
167 1808
167 1934
168 174
168 657
168 889
168 993
168 1409
168 1491
168 1803
168 1926
169 341
169 449
169 731
169 964
169 1215
169 1462
169 1706
169 1802
169 1932
170 277
170 487
170 547
170 1024
170 1106
170 1173
170 1836
171 900
171 1062
171 1561
171 1817
172 323
172 701
172 760
172 806
172 930
172 1260
172 1495
172 1766
172 1773
173 470
173 515
173 656
173 673
173 800
173 1338
173 1398
173 1521
173 1901
174 266
174 950
174 1008
174 1106
174 1424
175 297
175 628
175 1313
175 1410
175 1810
175 1985
176 741
176 1178
177 366
177 731
177 733
177 971
177 1110
177 1414
177 1448
177 1773
177 1832
177 1959
177 1999
178 388
178 825
178 844
178 1830
178 1932
179 228
179 468
179 689
179 834
179 968
179 969
179 1015
179 1089
179 1218
179 1252
179 1260
179 1921
180 555
180 764
180 1058
180 1574
180 1706
180 1728
180 1971
181 893
181 973
181 1203
181 1371
181 1539
181 1628
182 341
182 686
182 716
182 1238
182 1431
182 1470
182 1600
182 1784
182 1871
182 1923
182 1978
183 816
183 1448
183 1573
184 1914
185 517
185 562
185 623
185 1059
185 1256
185 1637
185 1716
186 1263
186 1699
186 1850
186 1968
186 1995
187 276
187 288
187 762
187 848
187 870
187 983
187 1269
187 1743
187 1752
187 1813
187 1917
188 208
188 411
188 416
188 582
188 813
188 1008
188 1115
188 1174
188 1346
188 1824
189 245
189 778
189 909
189 1234
189 1813
189 1881
190 368
190 377
190 410
190 471
190 544
190 944
190 1116
190 1778
190 1900
190 1917
190 1934
190 1979
191 586
191 944
191 1252
191 1478
192 525
192 1318
192 1333
192 1820
192 1859
193 214
193 414
193 542
193 639
193 1024
193 1072
193 1080
193 1098
193 1282
193 1398
193 1826
194 317
194 650
194 679
194 709
194 815
194 1220
194 1468
194 1640
195 279
195 307
195 310
195 639
195 911
195 996
195 1182
195 1343
195 1472
195 1506
195 1538
196 575
196 660
196 825
196 1301
196 1674
196 1864
196 1871
197 335
197 475
197 498
197 525
197 710
197 729
197 859
197 1030
197 1082
197 1421
197 1507
197 1684
197 1790
198 204
198 292
198 676
198 1426
198 1874
198 1877
198 1975
199 253
199 382
199 527
199 656
199 768
199 958
199 967
199 1542
199 1562
199 1646
199 1674
200 230
200 656
200 1355
200 1574
200 1763
201 1043
201 1407
201 1473
201 1621
201 1659
201 1845
202 423
202 443
202 510
202 1177
202 1347
202 1829
203 752
203 944
203 1030
203 1204
203 1211
203 1285
203 1494
203 1511
203 1851
204 327
204 395
204 1581
205 796
205 927
205 1039
205 1177
205 1305
205 1762
205 1790
206 251
206 502
206 703
206 1072
206 1134
206 1541
206 1554
206 1883
206 1985
207 395
207 485
207 579
207 856
207 873
207 920
207 925
207 958
207 1008
207 1364
207 1383
207 1706
208 532
208 780
208 967
208 1239
208 1278
208 1404
208 1450
208 1888
209 500
209 524
209 942
210 315
210 600
210 1015
210 1369
210 1449
210 1716
210 1774
211 318
211 374
211 396
211 397
211 419
211 474
211 526
211 711
211 1093
211 1130
211 1342
212 256
212 278
212 614
212 696
212 968
212 1006
212 1017
212 1606
212 1706
212 1869
212 1951
213 935
213 1089
213 1268
213 1987
214 514
214 548
214 673
214 727
214 1064
214 1073
214 1517
214 1523
214 1950
214 1961
215 347
215 555
215 566
215 664
215 883
215 1111
215 1226
215 1347
216 273
216 521
216 546
216 895
216 1037
216 1190
216 1497
216 1531
216 1830
216 1871
217 676
217 782
217 979
217 1440
217 1681
218 494
218 518
218 610
218 743
218 894
218 931
218 1247
218 1512
218 1590
218 1760
218 1826
218 1989
219 283
219 451
219 494
219 551
219 642
219 1304
219 1495
220 226
220 403
220 896
220 988
220 1226
220 1244
220 1424
220 1508
220 1603
220 1901
221 530
221 547
221 554
221 1333
221 1425
221 1453
222 270
222 879
222 969
222 1665
222 1725
223 254
223 495
223 539
223 906
223 1014
223 1260
223 1579
223 1624
223 1919
224 414
224 1334
224 1435
224 1586
224 1873
225 975
225 1116
225 1679
225 1764
225 1778
225 1877
226 303
226 320
226 517
226 795
226 1250
226 1334
226 1559
226 1603
227 656
227 881
227 892
227 1029
227 1161
227 1250
227 1251
227 1486
227 1613
227 1987
228 657
228 711
228 814
228 864
228 977
228 1098
228 1173
228 1351
228 1451
228 1549
228 1592
228 1605
228 1723
229 294
229 457
229 468
229 1009
229 1058
229 1227
229 1481
229 1875
229 1980
230 555
230 1017
230 1242
230 1270
230 1744
231 303
231 605
231 919
231 1179
231 1265
231 1274
231 1316
231 1554
231 1666
231 1672
231 1893
232 634
232 1121
232 1132
232 1176
232 1180
232 1574
232 1660
233 404
233 418
233 1916
233 1959
234 576
234 743
234 812
234 828
234 869
234 937
234 1259
234 1718
235 476
235 550
235 686
235 1104
236 615
236 1005
236 1122
236 1400
237 261
237 360
237 501
237 561
237 667
237 1343
237 1634
238 466
238 640
238 742
238 898
238 900
238 1807
238 1893
239 462
239 848
239 856
239 979
239 1573
240 390
240 528
240 1004
240 1246
240 1472
240 1587
241 250
241 319
241 461
241 987
241 1478
241 1713
241 1714
242 261
242 404
242 589
242 1330
242 1596
242 1730
242 1959
243 771
243 1000
243 1006
243 1135
243 1217
243 1317
243 1903
244 447
244 562
244 808
244 867
244 908
244 1248
244 1300
244 1636
244 1804
244 1823
245 463
245 595
245 747
245 988
245 1015
245 1103
245 1392
245 1411
245 1431
245 1552
245 1644
245 1684
245 1815
245 1897
246 851
246 945
246 1083
246 1568
247 292
247 362
247 414
247 440
247 632
247 1080
247 1173
247 1316
248 312
248 410
248 1297
248 1309
248 1475
248 1684
248 1777
249 285
249 659
249 1136
249 1307
250 683
250 709
250 840
250 1210
250 1213
250 1281
250 1350
250 1381
250 1695
250 1845
250 1886
250 1955
251 343
251 852
251 1513
251 1934
252 328
252 499
252 928
252 954
252 1694
252 1998
253 500
253 568
253 743
253 837
253 919
253 1019
253 1033
253 1176
253 1278
254 310
254 882
254 1238
254 1287
254 1779
255 388
255 477
255 498
255 594
255 676
255 702
255 765
255 1004
255 1121
255 1259
255 1439
255 1658
255 1822
255 1859
255 1873
256 559
256 1170
256 1799
256 1942
257 641
257 1284
257 1329
257 1569
257 1837
257 1877
257 1952
257 1983
258 1244
258 1340
258 1393
258 1459
258 1918
259 552
259 1521
259 1610
259 1709
259 1978
260 798
260 957
260 1213
260 1764
261 291
261 298
261 541
261 663
261 951
261 956
261 1149
261 1154
261 1221
261 1774
262 625
262 1343
262 1887
263 465
263 899
263 1254
263 1684
264 501
264 715
264 930
264 1016
264 1273
264 1467
264 1581
264 1654
264 1926
265 454
265 922
265 1065
265 1345
265 1464
265 1795
266 297
266 369
266 427
266 432
266 630
266 776
266 792
266 857
266 1122
266 1514
266 1565
266 1697
266 1942
266 1953
267 301
267 505
267 699
267 834
267 998
267 1191
267 1224
267 1278
267 1577
267 1820
268 367
268 576
268 661
268 945
268 1380
268 1596
269 578
269 963
269 1126
269 1263
269 1325
269 1477
269 1480
269 1622
270 1032
270 1165
270 1240
270 1270
270 1399
270 1541
270 1796
270 1823
271 320
271 649
271 1007
271 1091
271 1269
271 1800
271 1896
272 452
272 519
272 636
272 799
272 946
272 1096
272 1097
272 1583
272 1654
272 1841
272 1852
273 284
273 658
273 669
273 737
273 790
273 1092
273 1649
274 618
274 646
274 810
274 870
274 1021
274 1429
274 1569
275 832
275 962
275 1229
275 1295
275 1312
275 1375
275 1538
275 1792
275 1969
276 335
276 636
276 641
276 1088
276 1231
276 1342
276 1723
277 476
277 828
277 1254
277 1279
277 1977
278 529
278 933
278 939
278 1176
278 1552
278 1600
278 1659
278 1942
279 421
279 554
279 752
279 917
279 989
279 1042
279 1246
279 1801
279 1968
280 480
280 601
280 834
280 1016
280 1171
280 1477
280 1481
280 1523
280 1793
281 550
282 526
282 811
282 1003
282 1065
282 1177
282 1252
282 1369
282 1403
282 1406
282 1715
283 548
283 595
283 805
283 895
283 1034
283 1370
283 1390
283 1715
283 1829
284 924
284 1007
284 1266
285 741
285 756
285 836
285 1066
285 1076
285 1502
285 1710
285 1740
285 1751
285 1846
285 1893
285 1996
286 799
286 925
286 935
286 1050
286 1312
286 1752
286 1814
286 1943
287 587
287 798
287 1266
287 1305
287 1962
288 497
288 520
288 731
289 374
289 754
289 1490
290 741
290 801
290 960
290 1216
290 1308
290 1607
291 297
291 335
291 442
291 1581
291 1793
291 1798
292 991
292 1006
292 1130
292 1795
292 1798
292 1851
293 731
293 833
293 1927
294 585
294 600
294 1070
294 1218
294 1319
294 1374
294 1565
294 1821
294 1834
295 1056
296 372
296 425
296 880
296 979
296 1024
296 1208
296 1328
296 1642
296 1927
297 623
297 702
297 1031
297 1293
297 1328
297 1517
297 1883
298 313
298 355
298 909
298 1052
298 1337
298 1581
299 932
299 1033
299 1215
299 1310
299 1661
299 1851
299 1869
300 642
300 803
300 847
300 1112
300 1134
300 1203
300 1268
300 1510
300 1583
300 1621
300 1752
301 1003
301 1197
301 1351
301 1990
302 419
302 544
302 618
302 1455
302 1808
302 1922
303 501
303 747
303 835
303 879
303 999
303 1267
303 1456
303 1848
303 1893
304 634
304 817
304 1220
304 1542
305 459
305 790
305 805
305 859
305 915
305 979
305 1011
305 1142
306 566
306 1003
306 1024
306 1034
306 1091
306 1277
306 1280
306 1590
307 344
307 458
307 525
307 712
307 1095
307 1316
307 1631
307 1785
308 417
308 575
308 968
308 1153
308 1218
308 1480
308 1494
308 1895
309 841
309 911
309 950
309 986
309 1027
309 1287
310 392
310 680
310 758
310 854
310 856
310 922
310 1368
310 1450
311 790
311 941
311 1356
311 1533
311 1570
311 1576
312 1328
312 1334
312 1377
312 1387
312 1779
313 583
313 705
313 738
313 834
313 884
313 1652
314 939
314 1046
314 1049
314 1723
314 1783
315 407
315 518
315 630
315 1011
315 1389
315 1471
315 1712
316 787
316 830
316 1209
316 1361
316 1412
316 1584
316 1942
317 1000
317 1399
317 1833
317 1859
318 416
318 580
318 1742
318 1970
319 371
319 387
319 432
319 621
319 632
319 1192
319 1198
319 1742
319 1921
320 377
320 1043
320 1139
320 1231
321 507
321 519
321 680
321 903
321 922
321 1603
321 1817
321 1875
322 377
322 447
322 484
322 528
322 704
322 869
322 963
322 1031
322 1167
323 468
323 609
323 629
323 665
323 689
323 1395
323 1934
324 688
324 834
324 1017
324 1250
324 1332
325 517
325 676
325 841
326 381
326 429
326 431
326 714
326 1091
326 1118
326 1228
326 1320
326 1928
326 1952
327 551
327 919
327 1016
327 1274
327 1683
328 1435
328 1453
328 1480
328 1973
329 330
329 552
329 799
329 1144
329 1413
330 805
330 1424
330 1679
330 1900
331 365
331 466
331 663
331 1100
331 1206
331 1382
331 1472
331 1502
331 1562
331 1621
331 1809
331 1884
332 720
332 850
332 907
332 971
332 1116
332 1240
332 1646
332 1670
332 1761
333 373
333 853
333 933
333 1351
333 1885
333 1932
334 589
334 624
334 679
334 993
334 1024
334 1211
335 562
335 987
335 1232
335 1240
335 1520
335 1640
335 1641
335 1754
336 817
336 1189
336 1224
336 1397
336 1580
336 1840
336 1906
337 512
337 573
337 677
337 762
337 1007
337 1126
337 1287
337 1323
337 1827
338 882
338 1074
338 1593
338 1740
338 1931
339 395
339 1345
339 1393
339 1789
340 364
340 450
340 636
340 1087
340 1238
340 1279
340 1709
340 1912
340 1932
340 1996
341 363
341 634
341 1388
341 1398
341 1459
341 1469
341 1535
341 1864
342 1729
343 447
343 500
343 729
343 991
343 1091
343 1406
343 1417
343 1578
343 1892
344 985
344 1141
344 1170
344 1504
344 1542
344 1753
344 1812
344 1834
344 1893
345 426
345 858
345 893
345 1612
345 1733
345 1741
345 1886
346 538
346 587
346 966
346 1481
346 1626
347 491
347 646
347 818
347 1196
347 1821
348 397
348 716
348 1086
348 1399
348 1412
348 1586
348 1743
349 410
349 525
349 617
349 896
349 1725
349 1826
350 431
350 459
350 633
350 1528
350 1900
351 742
351 833
351 838
351 935
351 1720
351 1740
351 1792
351 1982
352 705
352 971
352 992
352 1200
352 1213
352 1382
352 1614
352 1879
353 492
353 497
353 523
353 696
353 1336
353 1774
353 1930
353 1955
354 525
354 659
354 963
354 1539
354 1679
355 356
355 443
355 902
355 1362
355 1402
355 1471
355 1499
355 1591
355 1761
355 1886
356 425
356 904
356 1031
356 1087
356 1176
356 1358
356 1703
356 1900
356 1931
357 540
357 638
357 641
357 1007
357 1060
357 1458
357 1515
357 1925
357 1982
358 781
358 817
358 1026
358 1231
358 1304
358 1412
358 1540
358 1674
358 1812
359 537
359 546
359 674
359 686
359 987
359 1006
359 1095
359 1342
359 1378
359 1544
359 1557
360 1019
360 1198
360 1237
360 1944
361 787
361 845
361 908
361 945
361 1516
361 1543
361 1713
361 1840
362 371
362 895
363 378
363 522
363 1790
364 655
364 1185
364 1958
364 1993
365 378
365 494
365 495
365 1071
365 1142
365 1294
365 1309
365 1327
365 1858
365 1941
365 1971
366 686
366 906
366 1042
366 1097
366 1210
366 1648
366 1819
366 1825
366 1979
366 1990
367 811
367 841
367 1045
367 1105
367 1232
367 1442
368 809
368 821
368 910
368 1017
368 1092
368 1563
368 1613
368 1833
369 441
369 773
369 1207
369 1334
369 1720
369 1735
369 1888
369 1954
370 474
370 716
370 742
370 1088
370 1334
370 1947
371 757
371 995
371 1019
371 1167
371 1616
371 1642
372 448
372 1156
372 1159
372 1464
372 1500
373 554
373 732
373 864
373 934
373 1583
373 1673
374 444
374 788
374 1472
374 1712
374 1731
374 1742
375 991
375 1006
375 1100
375 1297
375 1573
375 1731
375 1903
375 1925
375 1946
375 1985
376 389
376 691
376 1065
376 1154
376 1167
376 1186
376 1694
376 1969
377 595
377 965
377 1721
377 1975
378 1431
378 1600
378 1874
378 1922
379 494
379 965
379 1304
379 1642
379 1770
379 1854
380 581
380 738
380 1106
380 1173
380 1218
380 1591
380 1657
380 1873
380 1919
381 1076
381 1330
381 1502
381 1599
381 1873
382 751
382 1395
382 1571
382 1737
382 1789
383 842
383 1042
383 1455
383 1938
384 1196
384 1446
384 1625
384 1982
385 1047
385 1118
385 1178
385 1217
385 1331
385 1753
385 1780
386 755
386 822
386 877
386 1030
386 1329
386 1672
387 744
387 933
387 946
387 1869
388 456
388 474
388 955
388 957
388 972
388 1179
388 1211
388 1488
388 1902
389 618
389 1021
389 1369
389 1450
389 1466
389 1710
389 1833
390 396
390 476
390 983
390 1003
390 1152
390 1369
390 1578
391 422
391 980
391 1199
391 1470
391 1475
391 1520
391 1887
392 714
392 1037
392 1054
392 1165
392 1179
392 1927
393 647
393 808
393 927
393 1107
393 1150
393 1177
393 1295
393 1488
393 1599
394 547
394 846
394 1027
394 1191
394 1296
394 1324
394 1540
394 1677
394 1790
395 735
395 1057
395 1269
395 1280
395 1761
395 1780
395 1923
396 436
396 594
396 1196
396 1778
396 1814
396 1925
397 405
397 517
397 630
397 901
397 1588
397 1846
398 620
398 1229
398 1326
398 1557
398 1600
398 1957
399 523
399 774
399 888
399 1028
399 1550
399 1551
399 1694
399 1774
400 425
400 656
400 687
400 1328
400 1835
401 1858
402 654
402 757
402 765
402 828
402 950
403 866
403 982
403 1200
403 1428
404 509
404 855
404 1645
404 1691
405 438
405 592
405 656
405 910
405 985
405 1368
405 1573
405 1738
406 479
406 497
406 501
406 654
406 1151
406 1258
407 903
407 917
407 979
407 1146
407 1759
407 1806
407 1825
407 1993
408 497
409 747
409 1000
409 1575
409 1765
409 1785
410 943
410 1055
410 1209
410 1280
410 1509
410 1606
410 1884
411 563
411 623
411 859
411 1613
411 1755
411 1950
411 1959
412 421
412 602
412 825
412 1209
412 1491
413 1394
413 1591
413 1827
414 611
414 617
414 793
414 1528
415 724
415 1129
415 1260
415 1493
415 1513
415 1553
415 1653
415 1967
416 531
416 712
416 996
416 1105
416 1525
416 1550
416 1600
416 1712
416 1746
416 1836
417 502
417 779
417 1626
418 426
418 534
418 773
418 850
418 873
418 881
418 917
418 1129
418 1291
418 1527
418 1650
418 1657
419 528
419 538
419 970
419 1048
419 1135
419 1791
421 1054
421 1127
421 1280
421 1940
422 427
422 475
422 699
422 768
422 835
422 1109
422 1119
422 1365
423 577
423 579
423 593
423 790
423 879
423 1540
423 1552
423 1770
424 649
424 1112
424 1974
425 657
425 704
425 1239
425 1290
425 1607
425 1711
425 1749
425 1777
426 1015
426 1075
426 1762
427 561
427 819
427 900
427 955
427 1572
427 1836
427 1887
428 463
428 1081
428 1397
428 1824
428 1940
429 523
429 704
429 807
429 1356
430 733
430 750
430 1247
430 1349
430 1410
430 1496
430 1703
430 1837
431 434
431 531
431 538
431 931
431 1060
431 1908
431 1943
432 557
432 612
432 1151
432 1319
433 457
433 1659
433 1759
434 814
434 1264
434 1834
434 1925
434 1927
435 448
435 860
435 1225
435 1385
435 1406
435 1777
436 625
436 658
436 1261
436 1527
436 1680
436 1842
436 1873
436 1973
437 1005
437 1265
437 1845
437 1934
438 603
438 903
438 1213
438 1633
438 1787
438 1997
439 600
439 665
439 746
439 822
439 1461
439 1792
440 835
440 1199
440 1391
440 1471
441 590
441 803
441 858
441 1001
441 1082
441 1538
441 1632
441 1777
441 1893
441 1975
442 653
442 703
442 882
442 1384
442 1997
443 937
443 1194
443 1333
443 1541
443 1660
444 946
444 967
444 1176
444 1283
444 1406
444 1688
444 1718
445 1436
445 1589
445 1890
446 480
446 514
446 1504
446 1510
446 1543
446 1718
446 1864
447 1245
447 1534
448 585
448 651
448 776
448 887
448 951
449 1277
449 1333
449 1342
449 1964
449 1969
450 665
450 745
450 781
450 867
450 1530
450 1732
451 923
451 950
451 981
451 1093
451 1683
451 1893
451 1954
452 604
452 629
452 1451
452 1632
452 1908
453 749
453 865
453 1277
453 1495
453 1725
453 1939
454 674
454 706
454 1276
454 1345
454 1479
454 1577
455 554
455 740
455 978
455 1449
455 1715
456 884
456 1010
456 1074
456 1095
456 1281
456 1336
456 1565
456 1596
456 1619
456 1655
456 1687
456 1746
456 1838
457 1050
457 1352
457 1406
457 1466
457 1579
457 1738
457 1750
458 893
458 1389
458 1704
458 1760
458 1846
458 1968
459 466
459 475
459 809
459 1070
459 1333
459 1357
459 1634
459 1643
459 1861
460 619
460 650
460 752
460 979
460 1257
460 1618
460 1943
461 582
461 1626
461 1873
461 1967
462 635
462 1533
462 1837
463 717
463 888
463 1384
463 1506
463 1666
463 1671
463 1951
464 1226
464 1833
465 744
465 1616
465 1637
465 1822
465 1848
465 1892
465 1932
466 788
466 803
466 857
466 1083
466 1176
466 1731
466 1996
467 519
467 578
467 995
467 1447
467 1570
467 1945
467 1962
468 484
468 650
468 1014
468 1422
468 1706
468 1730
468 1793
468 1884
468 1896
469 483
469 571
469 630
469 803
469 845
469 1300
469 1573
469 1629
470 507
470 592
470 892
470 1136
470 1159
470 1190
470 1209
470 1263
470 1285
470 1710
470 1743
470 1969
471 519
471 702
471 959
471 1388
471 1528
471 1713
471 1765
471 1895
471 1952
472 509
472 645
472 839
472 1045
472 1046
472 1438
472 1904
473 499
473 535
473 540
473 583
473 610
473 796
473 1047
473 1069
473 1126
473 1130
473 1273
474 511
474 554
474 796
474 1005
474 1196
474 1648
474 1770
474 1927
475 519
475 556
475 852
475 860
475 1050
475 1092
475 1246
475 1443
476 870
476 885
476 896
476 1065
476 1248
476 1288
476 1309
476 1815
477 709
477 1127
477 1227
477 1392
477 1918
478 1698
478 1812
479 674
479 887
479 1034
479 1326
479 1487
479 1541
479 1562
480 788
480 926
480 975
480 1642
481 591
481 650
481 805
481 937
481 1155
481 1179
481 1685
481 1724
481 1831
482 486
482 584
482 993
482 1295
482 1455
482 1542
482 1820
482 1970
483 532
483 716
483 837
483 930
483 1114
483 1289
484 548
484 592
484 1847
484 1859
484 1975
485 795
485 1087
485 1870
486 644
486 832
486 868
486 869
486 1076
486 1153
486 1564
487 707
487 799
487 1452
487 1605
487 1749
487 1908
488 555
488 845
488 997
488 1100
488 1165
488 1274
488 1307
488 1366
488 1618
488 1760
489 491
489 683
489 739
489 1195
489 1447
489 1743
490 565
490 947
490 996
490 1037
490 1479
490 1560
490 1632
491 1022
491 1278
492 546
492 562
492 576
492 588
492 1350
492 1375
492 1475
492 1970
492 1978
493 1012
493 1416
493 1641
493 1909
494 813
494 1108
494 1638
494 1809
494 1814
495 516
495 638
495 657
495 788
495 854
495 1602
495 1629
495 1794
495 1967
496 808
496 865
496 1031
496 1075
496 1195
496 1319
497 775
497 922
497 1053
497 1069
497 1348
497 1509
497 1991
498 612
498 736
498 1381
498 1862
499 659
499 774
499 1205
499 1344
499 1391
499 1435
499 1609
499 1676
499 1692
499 1898
500 665
500 969
500 1619
500 1790
501 503
501 529
501 652
501 840
501 1468
501 1973
502 698
502 1009
502 1020
502 1698
502 1886
503 526
503 552
503 1253
503 1263
503 1267
503 1366
503 1517
503 1564
504 514
504 591
504 815
504 1281
504 1312
504 1555
504 1960
505 1687
505 1935
506 724
506 752
506 1114
506 1321
506 1343
507 697
507 707
507 1139
507 1692
508 709
508 960
508 1035
508 1649
508 1662
508 1760
508 1892
508 1921
509 544
509 645
509 1044
509 1350
509 1630
510 755
510 1108
510 1128
510 1284
510 1374
510 1380
510 1403
510 1674
510 1761
510 1806
511 900
511 1492
512 697
512 706
512 1039
512 1093
512 1169
512 1620
512 1793
512 1995
513 642
513 1079
513 1429
513 1554
513 1807
514 575
514 772
514 778
514 1812
515 552
515 1034
515 1192
515 1232
515 1327
515 1704
515 1749
516 661
516 1114
516 1199
516 1452
516 1567
516 1578
516 1839
517 694
517 928
517 940
517 949
517 1884
518 922
518 1015
518 1138
518 1189
518 1487
519 807
519 824
519 1163
519 1315
519 1504
519 1659
519 1798
519 1806
519 1891
520 577
520 1045
520 1335
520 1401
520 1610
520 1942
521 653
521 707
521 1007
521 1149
521 1216
521 1249
521 1398
521 1481
521 1483
521 1497
521 1799
522 581
522 761
522 819
522 952
522 995
522 1380
522 1429
522 1440
522 1442
522 1758
522 1964
523 671
523 687
523 935
523 1240
523 1612
523 1698
523 1814
524 839
524 1323
524 1505
525 593
525 631
525 779
525 1232
525 1463
525 1518
525 1522
525 1891
525 1950
526 850
526 871
526 1992
527 634
527 909
527 1066
527 1553
528 606
528 1038
528 1416
528 1527
528 1555
528 1571
529 926
529 1162
529 1218
529 1223
529 1310
529 1467
529 1921
530 554
530 610
530 936
530 1078
530 1093
530 1561
530 1866
531 812
531 1372
532 553
532 1973
533 1157
533 1425
533 1668
533 1736
533 1813
534 665
534 855
534 893
534 901
534 1032
534 1128
534 1300
534 1312
534 1386
534 1804
534 1904
534 1960
535 588
535 762
535 1254
535 1658
536 937
536 1215
536 1252
536 1335
536 1973
537 664
537 919
537 937
537 990
537 1952
538 757
538 1454
539 542
539 845
539 894
539 1025
539 1352
539 1645
540 1257
541 952
541 1529
542 702
542 895
542 915
542 980
542 1454
542 1577
543 793
543 939
543 1049
543 1277
543 1616
543 1706
543 1709
543 1752
544 1196
544 1398
544 1419
544 1690
545 580
545 773
545 948
545 1047
545 1322
545 1387
545 1669
545 1765
545 1853
546 986
546 1444
546 1529
547 651
547 908
547 1304
547 1566
547 1573
547 1661
548 786
548 842
548 902
548 1022
548 1098
548 1180
548 1800
548 1862
549 791
549 933
549 1046
549 1224
549 1313
549 1406
549 1623
549 1947
550 788
550 1027
550 1185
550 1255
550 1328
550 1474
550 1622
551 1437
551 1638
552 553
552 783
552 856
552 902
552 1047
552 1150
552 1990
553 695
553 906
553 952
553 977
553 987
553 1579
553 1838
554 597
554 912
554 962
554 1014
555 804
555 920
555 1078
555 1623
555 1664
555 1956
556 1225
556 1417
557 1380
557 1404
557 1472
557 1657
557 1934
558 760
558 822
558 833
558 856
558 892
558 1006
558 1160
558 1177
558 1268
558 1308
558 1834
559 560
559 933
559 1074
559 1224
559 1935
560 561
560 649
560 851
560 941
560 1266
560 1859
561 769
561 1150
561 1603
562 969
563 585
563 658
563 675
563 704
563 1247
563 1259
563 1389
563 1737
563 1971
564 677
564 1603
564 1806
564 1815
564 1949
565 812
565 1101
565 1406
565 1421
565 1476
566 669
566 1094
566 1449
566 1488
567 602
567 682
567 767
567 1303
567 1317
567 1640
567 1643
567 1924
568 711
568 850
568 860
568 946
568 952
568 1013
568 1032
568 1783
569 574
569 889
569 1094
569 1924
570 1132
570 1601
570 1873
571 595
571 802
571 1061
571 1168
571 1224
571 1327
571 1502
571 1884
571 1914
572 1186
572 1481
572 1874
573 580
573 914
573 1054
573 1481
573 1546
573 1621
573 1922
574 589
574 1514
574 1565
574 1846
575 711
575 866
575 997
575 1993
576 757
576 1056
576 1469
576 1793
577 701
577 772
577 873
577 1025
577 1038
577 1445
577 1860
577 1936
578 633
578 893
578 944
578 1302
578 1652
579 771
579 955
579 960
579 1245
580 748
580 881
580 1086
580 1212
580 1249
580 1432
580 1467
580 1585
580 1749
580 1897
581 658
581 867
581 1767
581 1924
581 1980
582 654
582 722
582 1997
583 1698
583 1729
583 1853
583 1965
584 668
584 771
584 775
584 811
584 932
584 1049
584 1355
584 1659
585 681
585 1069
585 1131
585 1502
585 1516
585 1968
586 625
586 856
586 1019
586 1138
586 1791
586 1881
587 749
587 831
587 832
587 912
587 1126
587 1440
587 1662
587 1803
588 616
588 633
588 1106
588 1128
588 1581
588 1603
588 1629
588 1780
588 1785
588 1796
588 1918
589 695
589 921
589 1001
589 1570
589 1860
589 1993
590 735
590 773
590 860
590 1098
590 1116
590 1780
590 1915
591 806
591 1024
591 1244
591 1602
591 1728
591 1949
592 826
592 1147
592 1270
592 1439
592 1623
592 1869
592 1943
593 841
593 1293
593 1793
594 623
594 726
594 823
594 891
594 1305
594 1307
594 1542
594 1819
594 1945
594 1972
595 643
595 829
595 944
595 946
595 948
595 1910
596 611
596 859
596 1481
596 1554
597 865
597 877
597 951
597 1267
597 1368
597 1400
597 1861
598 878
598 940
598 1020
598 1023
598 1287
598 1376
598 1408
598 1744
599 750
599 1052
599 1521
599 1559
599 1880
599 1897
600 654
600 754
600 766
600 1017
600 1047
600 1062
600 1508
600 1707
601 674
601 980
601 1146
601 1512
601 1776
601 1910
602 920
602 982
602 1007
602 1102
602 1105
602 1655
603 638
603 761
603 763
603 1171
603 1362
603 1493
603 1641
604 632
604 837
604 846
604 1000
604 1080
604 1132
604 1190
604 1207
604 1312
604 1413
604 1964
605 1070
605 1205
605 1449
605 1602
606 707
606 1053
606 1091
606 1649
606 1768
607 1172
607 1335
607 1891
608 674
608 1298
608 1326
608 1797
608 1990
609 1289
609 1354
609 1661
609 1703
610 794
610 961
610 1090
610 1290
610 1328
610 1554
610 1930
611 801
611 1098
611 1159
611 1362
611 1643
611 1649
612 653
612 656
612 987
612 988
612 1327
612 1593
612 1781
612 1961
612 1988
613 659
613 1141
613 1457
613 1755
613 1768
614 654
614 699
614 1379
614 1639
614 1837
614 1960
615 1015
615 1135
615 1153
615 1382
615 1634
615 1730
616 1395
617 739
617 1121
617 1250
617 1547
617 1865
618 892
618 920
618 921
618 1201
618 1942
619 686
619 889
619 927
619 951
619 1045
619 1200
619 1452
619 1590
619 1691
619 1770
620 840
620 939
620 1021
620 1173
620 1228
620 1971
621 986
621 1212
621 1263
621 1370
621 1395
621 1523
621 1542
621 1910
622 778
622 1606
623 643
623 665
623 802
623 837
623 919
623 994
623 1289
623 1566
623 1719
624 1049
624 1153
624 1160
624 1362
624 1464
624 1501
624 1552
624 1586
624 1598
624 1762
624 1962
625 742
625 1135
625 1492
625 1619
625 1878
626 694
626 738
626 1476
626 1503
626 1586
626 1645
626 1835
626 1937
627 823
627 862
627 1002
627 1906
627 1971
628 941
628 1829
628 1915
629 685
629 1254
629 1326
629 1332
629 1469
629 1493
629 1673
629 1778
630 665
630 738
630 846
630 1016
630 1226
630 1572
630 1612
630 1782
630 1886
631 668
631 693
631 1144
631 1679
631 1781
631 1808
632 1363
632 1526
632 1922
633 904
633 1118
633 1273
634 642
634 860
634 1302
634 1409
634 1433
634 1581
634 1676
634 1741
634 1811
635 678
635 702
635 793
635 795
635 1027
635 1161
635 1485
636 796
636 1004
636 1037
636 1053
636 1683
636 1709
636 1801
637 724
637 861
637 911
637 1941
638 845
638 1195
638 1393
638 1513
638 1559
638 1608
638 1793
638 1876
638 1960
639 792
639 1070
639 1150
639 1548
639 1694
640 659
640 890
640 959
640 1005
640 1050
640 1442
640 1688
641 737
641 1347
641 1544
641 1694
641 1830
641 1855
641 1971
642 1258
643 679
643 743
643 1125
643 1129
643 1404
643 1803
643 1818
643 1854
644 748
644 859
644 1126
644 1191
644 1758
645 949
645 1041
645 1105
645 1614
645 1624
645 1762
645 1823
645 1837
645 1869
646 1108
646 1227
646 1387
646 1746
647 1107
647 1152
647 1449
648 1226
648 1259
648 1490
648 1506
648 1637
648 1774
648 1826
649 1137
649 1776
649 1859
650 652
650 700
650 767
650 830
650 1102
650 1632
650 1815
650 1913
651 1425
651 1473
651 1576
651 1827
652 792
652 1053
652 1423
652 1492
653 744
653 766
653 933
653 1076
653 1237
653 1894
654 800
654 1508
654 1822
654 1860
655 767
655 1067
655 1096
655 1219
655 1478
655 1655
655 1656
655 1724
655 1838
655 1901
655 1960
656 681
656 721
656 1381
656 1475
656 1569
656 1941
657 737
657 1100
657 1320
657 1551
657 1676
657 1686
657 1956
658 897
658 1314
658 1815
659 898
659 1768
660 691
660 876
660 994
660 1089
660 1167
660 1733
661 819
661 869
661 1859
661 1924
662 871
662 1072
662 1359
662 1618
662 1996
663 757
663 1222
663 1608
663 1622
663 1928
664 1208
664 1268
664 1361
664 1768
664 1940
665 781
665 855
665 871
665 940
665 1048
665 1146
665 1428
665 1629
665 1994
666 854
666 936
666 1088
666 1122
666 1567
666 1849
667 1706
667 1711
667 1912
668 684
668 789
668 999
668 1430
668 1736
668 1847
668 1875
669 1191
669 1258
669 1404
669 1564
669 1988
670 872
671 689
671 953
671 1176
671 1814
672 775
672 1115
672 1181
672 1329
672 1499
672 1763
672 1876
673 702
673 764
673 1824
673 1927
674 990
674 1116
674 1343
674 1505
674 1543
674 1545
674 1719
675 816
675 1066
675 1087
675 1281
675 1847
675 1927
676 923
676 1531
676 1672
676 1806
676 1872
677 885
677 889
677 1043
677 1088
677 1155
677 1298
677 1836
677 1908
677 1915
678 1306
678 1731
678 1915
679 888
679 991
679 1204
679 1226
679 1404
679 1493
679 1550
679 1667
680 1041
680 1853
681 868
681 907
681 1367
681 1473
681 1829
682 846
682 1631
682 1905
683 691
683 761
683 935
683 1248
683 1367
684 795
684 1110
684 1449
684 1803
685 958
685 1001
685 1021
685 1268
685 1415
685 1508
685 1650
686 994
686 1344
686 1379
687 1013
687 1119
688 827
688 878
688 1047
688 1150
689 799
689 935
689 994
689 1255
689 1967
690 743
690 757
690 881
690 1214
690 1692
690 1727
691 1284
691 1333
691 1475
691 1677
692 1226
692 1511
693 766
693 982
693 1164
693 1451
693 1478
693 1776
693 1790
694 1049
694 1436
694 1463
694 1493
694 1503
695 1169
695 1585
695 1642
696 1936
697 801
697 1060
697 1596
698 977
698 1145
698 1195
698 1339
698 1496
698 1570
698 1594
698 1786
699 730
699 885
699 936
699 1006
699 1236
699 1717
699 1906
700 1007
700 1761
700 1950
701 845
701 975
701 1023
701 1058
701 1362
701 1537
701 1707
701 1995
702 972
702 1300
702 1376
702 1712
702 1788
703 837
703 885
703 1069
703 1105
703 1275
704 740
704 877
704 1881
705 1167
705 1240
705 1794
706 922
706 1740
707 802
707 1053
707 1066
707 1227
707 1391
707 1654
707 1915
708 714
708 1019
708 1444
708 1583
709 771
709 1405
709 1490
709 1617
709 1688
710 809
710 1343
710 1433
710 1934
711 1278
711 1333
711 1430
711 1732
711 1843
712 942
712 1073
712 1130
712 1564
712 1569
712 1579
712 1844
713 865
713 910
713 1479
714 990
714 1122
714 1262
714 1382
714 1670
715 785
715 1067
715 1071
715 1166
715 1170
715 1510
715 1580
715 1755
715 1988
716 779
716 871
716 929
716 971
716 1504
716 1624
716 1650
717 789
717 987
717 1206
717 1271
717 1295
717 1315
717 1767
718 748
718 1253
718 1288
718 1390
718 1400
719 759
719 820
719 1073
719 1477
720 969
720 1074
720 1287
720 1424
721 788
721 824
721 830
721 841
722 1009
722 1435
722 1973
723 740
723 1424
723 1704
723 1713
723 1888
723 1976
724 1077
724 1145
724 1503
724 1575
725 1105
725 1182
725 1595
725 1658
726 869
726 1405
726 1564
726 1922
727 834
727 1370
728 910
728 1078
728 1142
728 1568
728 1684
728 1718
729 785
729 837
730 1453
730 1798
730 1936
731 1231
731 1536
731 1779
732 787
732 793
732 822
732 837
732 900
732 1098
732 1333
732 1622
732 1935
733 1116
733 1131
733 1472
733 1720
734 1814
735 738
735 829
735 1188
735 1468
735 1594
735 1928
735 1971
736 745
736 1189
736 1550
737 1065
737 1202
737 1224
737 1237
737 1370
737 1482
737 1657
737 1950
737 1951
737 1954
738 957
738 1175
738 1327
738 1369
738 1838
738 1853
739 934
739 1025
739 1229
739 1261
739 1381
739 1468
739 1588
739 1650
739 1904
739 1936
739 1964
740 784
740 863
740 947
740 1290
740 1345
740 1418
741 847
741 922
741 1203
742 1020
742 1523
742 1940
743 1317
743 1367
744 800
744 1188
744 1247
744 1907
745 760
745 899
745 1287
745 1443
745 1659
745 1896
745 1964
746 1014
746 1381
746 1392
746 1597
747 748
747 756
747 806
747 1158
747 1164
747 1319
747 1408
748 847
748 976
748 1547
748 1593
748 1827
749 1093
749 1345
749 1761
749 1815
749 1884
749 1921
750 1696
750 1752
751 986
751 997
751 1262
751 1572
753 942
753 1863
753 1923
754 1064
754 1193
754 1473
754 1725
754 1846
755 1027
755 1054
755 1153
755 1186
755 1986
756 1015
756 1436
757 912
757 1081
757 1721
757 1789
757 1909
758 1256
758 1512
759 845
759 1217
759 1271
759 1959
760 861
760 1059
760 1067
760 1243
760 1322
760 1518
760 1773
761 1148
761 1315
761 1492
761 1759
762 1156
762 1273
762 1505
762 1598
762 1611
762 1937
763 1000
764 932
764 1152
764 1892
765 1303
765 1558
765 1582
766 1588
766 1865
767 819
767 910
767 953
767 1124
767 1146
767 1238
767 1486
768 873
768 1108
768 1350
768 1374
768 1486
768 1488
768 1986
769 847
769 1041
769 1046
769 1077
769 1111
769 1287
769 1475
769 1987
770 856
770 858
770 896
770 961
770 1000
770 1009
770 1339
770 1574
770 1689
770 1694
770 1973
771 863
771 1473
771 1496
771 1515
771 1757
772 884
772 888
772 1728
772 1987
773 1170
773 1272
773 1903
774 778
774 919
774 957
774 1196
774 1647
775 1288
775 1769
776 1087
776 1142
776 1252
776 1666
776 1717
776 1767
776 1978
777 876
777 1101
777 1362
777 1580
777 1867
778 907
778 1142
778 1259
778 1383
778 1470
778 1816
778 1883
778 1912
778 1933
779 963
779 1074
779 1130
779 1338
779 1909
779 1910
780 958
780 1124
780 1175
780 1543
780 1592
780 1709
780 1939
781 808
781 1047
781 1053
781 1151
781 1198
781 1778
782 1023
782 1247
782 1262
782 1388
782 1584
782 1585
782 1679
783 1332
783 1388
783 1524
783 1571
784 1761
785 874
785 897
785 1643
785 1677
785 1790
786 1035
786 1303
786 1625
786 1779
786 1801
786 1948
786 1989
787 972
787 1286
787 1289
787 1837
788 875
788 1107
788 1273
788 1332
788 1444
788 1485
788 1557
788 1901
788 1947
789 1153
789 1485
789 1551
789 1831
789 1954
790 1600
790 1662
791 892
791 1060
791 1503
791 1534
791 1682
792 916
792 1026
792 1108
792 1128
792 1276
792 1392
793 1031
793 1724
794 840
794 902
794 1028
794 1042
794 1632
794 1783
794 1931
794 1960
795 865
795 1405
796 936
796 1124
796 1219
796 1497
796 1583
796 1774
796 1934
797 1010
797 1124
797 1307
797 1357
797 1726
797 1768
797 1791
798 1160
798 1368
798 1541
798 1549
798 1715
799 1933
800 854
800 958
800 1384
801 1443
801 1689
802 1219
802 1272
802 1331
802 1534
802 1737
802 1851
803 910
803 1129
803 1503
804 1341
804 1343
804 1677
805 1000
805 1070
805 1258
805 1543
805 1796
806 867
806 1526
806 1688
806 1792
806 1828
806 1849
807 1253
807 1748
807 1869
808 809
808 1163
808 1311
808 1367
808 1651
809 1927
810 987
810 1286
810 1526
810 1580
810 1611
810 1643
810 1748
810 1918
811 895
811 1574
811 1597
812 1158
812 1786
813 974
813 1208
813 1319
813 1335
813 1517
813 1810
814 1058
814 1503
814 1686
814 1939
815 938
815 977
815 1174
815 1498
815 1732
815 1851
815 1890
816 990
816 993
816 1125
816 1458
816 1469
816 1704
816 1781
816 1994
817 1122
817 1277
817 1461
817 1506
817 1797
817 1838
817 1922
818 1117
818 1119
818 1259
818 1320
818 1356
818 1566
819 1574
819 1644
819 1670
820 1015
820 1305
821 838
821 1278
821 1290
822 863
822 1363
822 1384
822 1393
822 1466
822 1643
822 1859
823 960
823 1431
823 1964
824 1679
825 896
825 963
825 1017
825 1023
825 1801
825 1929
826 1542
826 1765
827 994
827 1462
827 1664
827 1709
827 1821
828 901
828 1010
829 1008
829 1239
829 1621
829 1881
829 1967
830 965
830 1252
830 1259
830 1321
831 1196
831 1201
831 1266
831 1294
831 1647
831 1648
831 1870
831 1983
832 1348
832 1360
832 1637
832 1960
833 890
833 1450
833 1701
834 1062
834 1559
834 1564
834 1890
835 922
835 1431
835 1775
835 1946
836 1038
836 1184
836 1284
836 1447
836 1976
837 872
837 1404
837 1961
838 1169
838 1366
838 1492
838 1724
838 1949
839 1008
839 1279
839 1396
840 862
840 1255
840 1430
840 1805
840 1950
841 1163
841 1347
841 1596
841 1676
842 1024
842 1214
842 1318
842 1767
843 934
843 1122
843 1436
843 1585
843 1588
844 1203
844 1363
844 1476
844 1760
844 1834
845 1626
845 1658
845 1810
846 1117
846 1219
846 1479
846 1707
846 1797
846 1847
847 1109
847 1242
847 1627
847 1673
847 1957
848 1289
849 1099
849 1137
849 1503
850 1019
850 1457
850 1569
850 1795
851 871
851 1051
851 1485
852 1385
852 1540
853 1053
853 1133
853 1312
853 1527
853 1576
853 1674
853 1681
854 1548
854 1702
854 1783
855 1184
855 1319
855 1381
855 1599
855 1949
856 945
856 1001
856 1084
856 1233
856 1370
857 1131
857 1963
858 1392
858 1843
858 1866
858 1967
859 984
859 1076
859 1114
859 1280
859 1624
860 1043
860 1203
860 1215
860 1233
860 1827
861 892
861 934
861 973
861 1106
861 1340
861 1491
862 1133
862 1674
862 1789
863 1411
863 1567
863 1789
863 1819
864 1011
864 1837
864 1846
864 1873
864 1903
865 1401
865 1430
865 1620
865 1662
866 1002
866 1464
867 1123
867 1894
868 1207
868 1966
869 1067
869 1165
869 1175
869 1303
869 1384
869 1648
869 1807
870 1017
870 1065
870 1126
870 1572
870 1723
870 1887
871 878
871 1156
871 1188
871 1536
871 1578
872 1672
872 1724
873 986
873 1324
873 1962
874 1182
875 1070
875 1208
875 1710
875 1901
875 1990
876 1370
876 1607
877 888
877 1235
877 1314
877 1372
877 1428
877 1521
877 1665
877 1894
878 1458
878 1647
878 1657
878 1676
878 1832
879 920
879 1370
879 1387
879 1429
879 1524
879 1626
879 1811
879 1855
881 912
881 1642
881 1951
881 1978
882 900
882 1586
883 1030
883 1720
883 1952
884 1163
884 1289
884 1603
885 937
885 992
885 1154
885 1186
885 1658
886 1036
886 1149
886 1155
886 1159
886 1246
886 1327
886 1693
886 1768
887 981
887 1352
887 1403
887 1552
887 1656
887 1798
887 1811
887 1830
888 893
888 1089
888 1110
888 1112
888 1913
889 1124
889 1301
889 1587
889 1845
890 1238
890 1279
890 1664
890 1728
890 1796
891 1057
891 1175
891 1439
892 1179
892 1472
892 1588
892 1840
892 1852
892 1891
893 1201
893 1237
893 1683
893 1910
893 1937
894 1261
894 1426
894 1821
894 1829
895 1251
895 1367
895 1415
895 1739
895 1901
896 1122
896 1315
896 1482
897 902
897 1156
897 1559
897 1944
897 1952
897 1959
898 1258
898 1393
898 1394
898 1623
898 1818
898 1871
898 1936
899 901
899 1021
899 1249
899 1462
899 1675
899 1987
900 1037
900 1280
900 1387
901 1091
901 1787
902 993
902 1066
902 1313
902 1528
902 1878
903 987
903 1168
903 1261
903 1286
903 1410
903 1475
903 1721
903 1913
904 1111
904 1135
904 1266
904 1384
904 1929
904 1963
905 949
905 952
905 1064
905 1065
905 1118
905 1171
905 1315
905 1555
905 1572
906 1226
906 1777
907 1012
907 1082
907 1197
907 1298
907 1475
907 1523
907 1599
907 1642
908 1033
908 1151
908 1341
908 1629
908 1774
909 981
909 1013
909 1592
909 1691
909 1739
909 1840
910 1005
910 1347
910 1624
910 1750
910 1756
910 1938
911 1107
911 1130
911 1306
911 1330
911 1376
911 1458
911 1577
911 1842
911 1855
911 1873
912 1089
912 1233
912 1839
912 1976
913 1356
913 1380
913 1997
914 1553
914 1657
915 1102
915 1119
915 1189
915 1414
915 1473
915 1611
915 1672
915 1763
915 1831
916 1118
917 1414
917 1525
917 1643
917 1818
917 1962
918 934
918 1112
918 1982
919 971
919 998
919 1216
919 1950
919 1974
920 937
920 1601
920 1770
920 1900
921 1420
921 1428
921 1463
921 1780
921 1838
922 972
922 993
922 1052
922 1888
923 1182
923 1224
923 1375
923 1934
924 1486
925 936
925 1070
925 1676
925 1810
926 1102
926 1192
926 1351
926 1434
926 1476
926 1521
926 1785
926 1830
927 1379
927 1419
927 1473
927 1849
928 1162
928 1520
928 1801
928 1899
929 998
929 1604
929 1795
929 1887
930 960
930 1131
930 1165
930 1262
930 1366
930 1367
930 1493
930 1610
930 1647
930 1935
931 1072
931 1079
931 1669
932 1456
932 1533
933 1099
933 1239
933 1464
933 1721
933 1776
933 1847
934 1148
934 1842
935 1088
935 1190
935 1368
935 1450
935 1507
936 1223
936 1666
937 1038
937 1132
937 1218
937 1369
937 1954
938 1024
938 1192
938 1243
938 1626
938 1660
938 1802
939 1368
939 1369
939 1398
939 1564
939 1815
940 1096
940 1525
940 1750
940 1787
940 1836
940 1921
940 1986
941 1073
941 1080
941 1279
941 1330
941 1981
942 994
942 1114
942 1948
943 1814
944 1034
944 1178
944 1655
944 1802
944 1855
945 1492
945 1644
945 1857
946 1609
946 1702
946 1797
946 1846
947 1217
947 1244
947 1775
948 1045
948 1101
948 1609
949 1007
949 1418
949 1456
950 1195
950 1560
950 1567
951 1098
951 1447
951 1651
951 1818
952 1005
952 1113
952 1130
952 1320
952 1838
952 1909
952 1923
953 1070
953 1094
953 1840
953 1947
954 989
954 1038
954 1350
954 1394
954 1443
954 1729
954 1984
955 975
955 1036
955 1163
955 1307
955 1360
956 1194
957 1008
958 1038
958 1330
958 1389
958 1464
958 1544
958 1633
959 1240
959 1451
959 1617
959 1652
959 1670
959 1912
960 994
960 1161
960 1176
960 1402
960 1410
960 1728
960 1793
961 989
961 1792
961 1881
962 1194
962 1340
962 1660
963 1140
963 1279
963 1307
963 1546
963 1787
963 1980
964 1055
964 1692
964 1732
964 1740
965 1952
966 1177
966 1305
967 1282
967 1404
967 1644
967 1943
968 975
968 1412
968 1569
968 1870
969 1028
969 1160
970 990
970 1115
970 1298
970 1513
970 1604
970 1882
970 1995
971 1055
971 1493
971 1594
972 974
972 1017
972 1054
972 1087
972 1337
972 1794
973 1213
973 1437
973 1439
973 1587
973 1791
974 1018
974 1159
975 1185
975 1212
975 1233
975 1240
975 1457
975 1497
975 1635
976 1426
976 1542
976 1564
976 1718
977 999
977 1148
977 1485
977 1500
977 1799
977 1802
977 1844
977 1853
977 1995
978 1169
978 1252
978 1314
978 1909
979 1115
979 1321
979 1615
979 1897
980 1393
980 1398
980 1706
980 1814
980 1820
981 1135
981 1261
981 1508
981 1523
981 1543
981 1651
981 1760
981 1808
981 1975
982 1666
983 1026
983 1153
983 1207
983 1357
983 1774
983 1914
984 1046
984 1074
984 1454
984 1584
984 1721
985 1810
985 1867
985 1955
986 1402
986 1466
986 1594
987 989
987 1038
987 1129
987 1592
989 1076
989 1476
989 1509
989 1670
989 1924
990 1083
990 1251
990 1477
990 1541
990 1963
991 1211
991 1704
991 1878
992 1233
992 1560
992 1678
993 1427
993 1497
993 1990
994 1280
994 1423
994 1500
994 1872
995 1252
995 1517
995 1528
995 1730
995 1840
996 1032
996 1510
997 1414
997 1522
997 1789
997 1941
998 1069
998 1475
998 1808
999 1347
999 1528
999 1557
999 1855
1000 1026
1000 1056
1000 1187
1000 1465
1000 1539
1000 1702
1000 1944
1001 1320
1001 1849
1001 1868
1002 1070
1002 1371
1002 1585
1002 1642
1002 1825
1003 1622
1003 1660
1003 1874
1004 1010
1004 1351
1004 1365
1004 1411
1004 1418
1005 1057
1005 1082
1005 1428
1005 1554
1005 1932
1005 1978
1006 1068
1006 1243
1006 1409
1006 1760
1007 1062
1007 1365
1007 1419
1007 1447
1007 1539
1007 1616
1007 1634
1007 1824
1008 1012
1008 1067
1008 1827
1009 1185
1009 1340
1009 1825
1010 1245
1010 1413
1010 1529
1010 1539
1010 1554
1010 1640
1010 1790
1010 1904
1011 1043
1011 1098
1011 1152
1011 1971
1012 1013
1012 1014
1013 1479
1014 1058
1014 1278
1014 1342
1014 1487
1014 1620
1015 1404
1015 1557
1016 1136
1016 1975
1017 1224
1017 1507
1018 1057
1018 1210
1018 1263
1018 1688
1019 1036
1019 1365
1019 1510
1020 1051
1020 1131
1020 1155
1020 1308
1020 1556
1020 1662
1022 1071
1022 1467
1023 1134
1023 1247
1023 1958
1023 1989
1024 1175
1024 1243
1024 1268
1025 1158
1025 1504
1025 1813
1025 1977
1027 1332
1027 1507
1027 1629
1027 1707
1027 1868
1028 1169
1028 1762
1029 1102
1029 1223
1029 1270
1029 1726
1030 1510
1030 1796
1030 1856
1030 1882
1031 1360
1032 1334
1032 1534
1032 1573
1032 1649
1032 1891
1033 1411
1033 1504
1033 1546
1033 1573
1033 1688
1033 1905
1034 1095
1034 1289
1034 1543
1034 1694
1034 1744
1034 1976
1036 1178
1036 1343
1036 1371
1036 1455
1036 1636
1038 1403
1038 1610
1038 1843
1039 1345
1039 1496
1040 1373
1040 1813
1041 1055
1041 1097
1041 1152
1041 1867
1042 1327
1042 1484
1042 1667
1042 1928
1043 1123
1043 1235
1043 1729
1044 1105
1044 1398
1044 1519
1044 1628
1044 1835
1044 1845
1045 1086
1045 1237
1045 1365
1045 1537
1046 1393
1046 1648
1046 1818
1046 1951
1047 1351
1047 1555
1047 1795
1048 1540
1048 1816
1049 1331
1049 1717
1049 1874
1050 1054
1050 1565
1050 1644
1050 1905
1051 1090
1051 1142
1051 1439
1051 1498
1051 1828
1052 1417
1053 1634
1054 1125
1054 1147
1054 1541
1054 1626
1054 1815
1055 1196
1055 1234
1056 1249
1056 1577
1056 1972
1057 1320
1057 1377
1057 1921
1058 1100
1058 1411
1059 1321
1059 1574
1059 1610
1060 1129
1060 1457
1060 1667
1060 1945
1061 1541
1061 1563
1061 1615
1061 1689
1061 1868
1061 1979
1062 1125
1062 1288
1062 1410
1062 1511
1062 1588
1062 1811
1063 1329
1063 1597
1063 1688
1063 1796
1063 1909
1064 1217
1064 1237
1064 1309
1064 1880
1065 1686
1065 1927
1065 1991
1066 1143
1066 1377
1066 1510
1066 1763
1067 1461
1067 1473
1067 1557
1067 1937
1068 1297
1068 1664
1069 1082
1069 1801
1070 1246
1070 1475
1070 1641
1070 1645
1070 1748
1070 1787
1071 1206
1072 1390
1072 1588
1073 1879
1073 1881
1074 1076
1074 1080
1074 1120
1074 1122
1074 1209
1074 1378
1074 1402
1074 1649
1074 1983
1075 1251
1075 1456
1076 1091
1076 1142
1076 1263
1076 1489
1076 1528
1076 1680
1077 1189
1077 1217
1077 1231
1077 1354
1077 1403
1078 1214
1078 1230
1078 1572
1078 1614
1078 1830
1079 1168
1079 1224
1079 1268
1080 1122
1080 1479
1080 1622
1080 1701
1081 1174
1081 1333
1081 1399
1081 1500
1081 1645
1081 1793
1082 1320
1083 1153
1083 1316
1084 1193
1084 1675
1084 1803
1084 1848
1085 1113
1085 1284
1085 1550
1085 1551
1085 1880
1085 1971
1085 1977
1086 1133
1086 1485
1086 1513
1086 1783
1086 1858
1087 1450
1087 1575
1087 1600
1087 1918
1087 1940
1088 1237
1088 1275
1088 1354
1088 1924
1089 1464
1089 1772
1089 1819
1090 1121
1090 1202
1090 1305
1090 1326
1090 1462
1090 1736
1090 1744
1090 1975
1090 1980
1091 1434
1091 1608
1091 1886
1092 1664
1093 1545
1093 1901
1095 1204
1095 1262
1095 1507
1095 1857
1096 1589
1097 1356
1098 1678
1098 1731
1098 1786
1098 1944
1099 1185
1099 1393
1099 1722
1100 1341
1100 1976
1101 1254
1101 1571
1101 1829
1102 1280
1102 1297
1103 1244
1103 1320
1103 1389
1103 1421
1103 1509
1103 1965
1104 1125
1104 1201
1104 1298
1104 1804
1104 1869
1105 1412
1105 1759
1105 1993
1106 1177
1106 1204
1106 1439
1106 1850
1106 1979
1107 1424
1107 1425
1108 1840
1108 1908
1108 1950
1109 1525
1109 1758
1109 1872
1109 1979
1110 1179
1110 1294
1110 1488
1110 1696
1110 1774
1111 1127
1111 1360
1111 1425
1111 1445
1111 1636
1111 1653
1111 1841
1112 1436
1112 1626
1113 1141
1113 1178
1113 1224
1113 1230
1113 1349
1113 1354
1113 1693
1114 1643
1114 1866
1115 1504
1115 1679
1115 1915
1116 1299
1116 1402
1116 1565
1116 1810
1117 1171
1117 1296
1117 1462
1117 1806
1117 1851
1117 1904
1118 1225
1118 1529
1118 1617
1118 1683
1118 1773
1118 1898
1118 1922
1118 1950
1119 1179
1119 1313
1119 1442
1119 1776
1119 1969
1120 1462
1120 1597
1120 1680
1120 1721
1120 1741
1121 1948
1122 1164
1122 1317
1122 1654
1122 1899
1123 1201
1123 1941
1123 1991
1124 1505
1124 1678
1124 1764
1124 1806
1124 1933
1125 1262
1125 1295
1125 1341
1125 1521
1125 1555
1126 1236
1127 1666
1127 1805
1128 1157
1128 1634
1128 1822
1128 1852
1129 1371
1129 1395
1129 1489
1129 1606
1129 1730
1129 1885
1130 1670
1130 1900
1130 1998
1131 1231
1131 1745
1132 1285
1132 1323
1132 1376
1132 1474
1132 1647
1132 1791
1132 1947
1133 1569
1133 1788
1133 1793
1133 1925
1134 1459
1134 1559
1134 1691
1135 1435
1135 1500
1135 1635
1135 1679
1135 1808
1135 1901
1135 1967
1136 1374
1136 1678
1137 1367
1137 1378
1137 1542
1137 1740
1138 1159
1138 1465
1138 1476
1138 1628
1138 1644
1138 1705
1138 1743
1138 1881
1139 1175
1139 1530
1140 1555
1140 1606
1142 1566
1142 1872
1143 1354
1143 1380
1144 1166
1144 1170
1144 1524
1145 1194
1145 1401
1145 1538
1145 1696
1145 1811
1145 1855
1145 1926
1146 1269
1146 1624
1146 1707
1147 1274
1147 1481
1148 1181
1148 1315
1148 1411
1148 1521
1148 1598
1148 1777
1149 1153
1149 1410
1149 1588
1149 1971
1150 1495
1150 1714
1151 1457
1151 1651
1151 1908
1152 1275
1152 1516
1152 1523
1153 1420
1154 1424
1154 1471
1154 1481
1154 1526
1154 1721
1155 1408
1155 1447
1155 1473
1155 1621
1155 1661
1155 1780
1155 1932
1156 1479
1157 1189
1157 1697
1157 1779
1158 1226
1158 1407
1158 1410
1159 1308
1159 1422
1159 1660
1160 1258
1160 1265
1160 1362
1160 1470
1161 1999
1162 1172
1162 1888
1164 1240
1164 1406
1164 1438
1165 1594
1165 1696
1166 1464
1166 1942
1166 1973
1167 1590
1168 1596
1168 1667
1169 1299
1169 1518
1169 1537
1170 1727
1170 1756
1170 1851
1171 1701
1171 1708
1171 1859
1174 1437
1174 1503
1174 1885
1174 1961
1175 1560
1175 1695
1176 1192
1176 1428
1176 1624
1176 1963
1177 1384
1177 1414
1177 1990
1178 1596
1178 1628
1178 1631
1178 1773
1179 1186
1179 1492
1179 1557
1179 1616
1180 1230
1180 1356
1180 1519
1180 1546
1180 1598
1180 1758
1181 1206
1181 1296
1181 1345
1181 1942
1182 1275
1182 1512
1182 1601
1182 1660
1182 1813
1182 1885
1183 1820
1184 1334
1184 1405
1184 1488
1184 1492
1184 1499
1185 1897
1186 1234
1186 1282
1186 1446
1186 1607
1186 1811
1186 1943
1187 1447
1187 1548
1188 1266
1188 1334
1188 1399
1188 1564
1188 1610
1188 1634
1188 1678
1188 1928
1188 1941
1189 1310
1189 1719
1190 1369
1190 1683
1190 1747
1191 1457
1191 1629
1191 1991
1192 1379
1192 1483
1192 1869
1193 1222
1193 1407
1193 1627
1193 1902
1194 1275
1194 1831
1195 1276
1195 1395
1195 1808
1195 1916
1196 1199
1196 1301
1196 1397
1196 1550
1197 1296
1197 1621
1198 1646
1199 1217
1199 1275
1199 1303
1199 1501
1199 1568
1199 1589
1199 1689
1200 1221
1200 1341
1200 1555
1200 1902
1200 1986
1201 1409
1201 1813
1202 1652
1203 1644
1203 1949
1204 1415
1204 1999
1205 1246
1205 1268
1205 1351
1205 1364
1205 1403
1205 1450
1205 1940
1205 1972
1206 1718
1206 1865
1207 1325
1207 1593
1207 1699
1208 1402
1208 1598
1208 1779
1208 1791
1208 1792
1209 1441
1209 1497
1209 1708
1209 1758
1209 1852
1209 1907
1210 1376
1210 1717
1211 1293
1211 1303
1211 1400
1211 1430
1211 1840
1212 1362
1212 1762
1213 1245
1213 1307
1213 1601
1213 1790
1213 1830
1213 1940
1213 1984
1214 1358
1214 1775
1214 1948
1215 1832
1215 1984
1217 1319
1217 1422
1218 1248
1218 1437
1218 1528
1218 1665
1219 1494
1219 1696
1220 1292
1220 1994
1221 1370
1221 1522
1221 1537
1222 1476
1222 1580
1222 1767
1222 1809
1223 1243
1223 1553
1223 1662
1223 1789
1223 1798
1224 1272
1224 1783
1225 1871
1226 1265
1226 1401
1226 1533
1226 1670
1226 1966
1227 1565
1227 1964
1228 1292
1228 1699
1229 1662
1229 1808
1231 1370
1232 1631
1233 1277
1233 1416
1233 1472
1233 1746
1233 1808
1233 1952
1234 1451
1235 1406
1236 1388
1236 1391
1236 1631
1236 1725
1236 1810
1236 1851
1236 1924
1237 1498
1237 1728
1237 1938
1238 1385
1238 1773
1238 1897
1239 1302
1239 1359
1239 1559
1239 1667
1239 1868
1239 1947
1241 1267
1241 1620
1242 1318
1242 1469
1242 1503
1242 1650
1242 1774
1242 1967
1244 1431
1244 1516
1244 1571
1244 1785
1244 1790
1245 1248
1245 1664
1245 1670
1245 1806
1246 1402
1246 1637
1246 1662
1247 1472
1247 1515
1247 1548
1247 1684
1247 1875
1247 1960
1248 1313
1248 1356
1248 1391
1248 1749
1248 1828
1248 1894
1248 1923
1249 1611
1250 1677
1251 1516
1251 1967
1252 1423
1252 1912
1253 1748
1253 1754
1255 1350
1255 1356
1255 1909
1255 1976
1256 1389
1256 1803
1256 1920
1256 1984
1257 1555
1257 1561
1257 1565
1257 1649
1259 1534
1259 1624
1259 1818
1260 1303
1260 1707
1260 1787
1261 1373
1261 1662
1262 1346
1262 1733
1262 1961
1263 1469
1263 1622
1265 1566
1265 1712
1265 1847
1266 1372
1266 1429
1266 1583
1266 1960
1266 1975
1267 1471
1268 1552
1268 1561
1268 1702
1269 1357
1269 1417
1269 1496
1269 1677
1270 1350
1270 1578
1271 1386
1271 1645
1271 1936
1272 1747
1272 1908
1272 1982
1273 1409
1273 1748
1273 1896
1274 1887
1275 1315
1275 1317
1275 1473
1275 1712
1275 1841
1275 1863
1276 1310
1276 1399
1276 1409
1277 1317
1277 1486
1277 1812
1277 1816
1278 1429
1278 1473
1278 1542
1278 1828
1278 1974
1279 1654
1279 1729
1279 1821
1280 1493
1280 1676
1280 1681
1280 1705
1280 1713
1280 1864
1281 1638
1281 1747
1282 1458
1282 1980
1283 1482
1283 1669
1283 1852
1283 1869
1284 1309
1284 1353
1284 1673
1284 1852
1285 1558
1285 1587
1285 1654
1285 1934
1287 1332
1287 1389
1287 1451
1288 1366
1288 1686
1288 1708
1289 1575
1289 1656
1289 1661
1289 1933
1290 1376
1290 1434
1290 1681
1290 1743
1290 1856
1291 1507
1291 1986
1291 1996
1292 1584
1292 1640
1292 1720
1292 1936
1293 1673
1293 1686
1293 1943
1294 1424
1295 1710
1295 1737
1295 1752
1295 1766
1295 1821
1296 1432
1296 1603
1296 1638
1296 1728
1296 1762
1297 1329
1297 1484
1297 1543
1297 1550
1297 1648
1297 1887
1298 1584
1298 1874
1298 1981
1299 1468
1299 1617
1299 1915
1300 1350
1300 1506
1300 1752
1300 1819
1301 1402
1301 1499
1301 1557
1301 1749
1301 1785
1302 1624
1304 1703
1304 1992
1305 1672
1305 1982
1305 1983
1306 1387
1306 1648
1306 1851
1307 1447
1308 1399
1308 1670
1308 1782
1310 1439
1310 1721
1310 1994
1311 1678
1312 1997
1314 1457
1314 1507
1314 1744
1315 1511
1315 1687
1315 1793
1315 1921
1316 1540
1316 1676
1316 1906
1316 1931
1317 1643
1317 1933
1318 1372
1318 1512
1318 1655
1318 1681
1319 1499
1319 1736
1320 1513
1320 1655
1320 1738
1320 1761
1320 1903
1320 1941
1321 1524
1321 1723
1321 1787
1321 1801
1322 1499
1322 1508
1322 1824
1322 1857
1322 1998
1323 1787
1323 1871
1324 1429
1324 1796
1324 1952
1325 1516
1325 1756
1326 1377
1326 1472
1327 1372
1327 1604
1327 1737
1327 1753
1328 1771
1329 1653
1329 1894
1330 1506
1330 1625
1330 1664
1331 1549
1331 1880
1332 1463
1332 1635
1332 1707
1332 1796
1332 1822
1332 1978
1333 1390
1333 1794
1334 1350
1334 1657
1335 1642
1335 1903
1336 1497
1337 1528
1337 1729
1338 1529
1338 1937
1339 1424
1339 1548
1339 1609
1339 1713
1340 1733
1340 1819
1341 1483
1342 1428
1342 1710
1342 1713
1342 1809
1342 1988
1343 1486
1343 1738
1344 1596
1345 1712
1345 1910
1346 1473
1346 1643
1346 1707
1346 1760
1347 1773
1347 1867
1348 1408
1348 1989
1349 1379
1349 1657
1349 1862
1351 1401
1351 1489
1351 1501
1351 1563
1351 1677
1351 1780
1351 1989
1352 1474
1352 1738
1353 1425
1353 1472
1353 1878
1353 1936
1354 1376
1354 1569
1354 1650
1355 1451
1355 1657
1355 1870
1355 1876
1355 1907
1356 1542
1356 1936
1357 1573
1357 1723
1357 1785
1357 1797
1357 1954
1358 1855
1359 1395
1359 1476
1359 1883
1360 1814
1361 1783
1362 1521
1362 1662
1363 1495
1363 1652
1363 1655
1363 1667
1363 1738
1363 1758
1363 1938
1364 1448
1364 1696
1364 1726
1364 1891
1365 1463
1365 1633
1365 1702
1365 1783
1366 1870
1367 1598
1367 1744
1368 1421
1368 1457
1368 1637
1370 1504
1370 1665
1370 1869
1370 1983
1371 1397
1371 1616
1371 1708
1371 1888
1372 1435
1372 1961
1373 1771
1374 1596
1374 1864
1374 1968
1375 1468
1375 1605
1375 1848
1377 1406
1377 1448
1377 1530
1377 1723
1377 1748
1377 1969
1378 1435
1378 1788
1379 1447
1379 1475
1379 1600
1379 1889
1379 1943
1380 1462
1380 1733
1380 1749
1381 1962
1381 1990
1382 1544
1382 1754
1383 1771
1383 1859
1383 1963
1384 1590
1384 1855
1384 1943
1385 1637
1385 1965
1386 1457
1386 1718
1387 1452
1387 1479
1387 1504
1387 1816
1387 1835
1387 1854
1388 1406
1388 1408
1388 1939
1389 1515
1389 1622
1390 1543
1390 1638
1390 1745
1390 1796
1390 1886
1391 1572
1391 1608
1392 1638
1392 1780
1393 1829
1393 1850
1394 1872
1395 1514
1396 1989
1397 1464
1397 1582
1397 1976
1398 1437
1398 1744
1398 1805
1398 1835
1398 1924
1399 1660
1399 1858
1400 1659
1400 1740
1400 1888
1401 1797
1402 1635
1402 1742
1402 1750
1402 1831
1403 1428
1403 1942
1404 1482
1404 1620
1404 1753
1405 1586
1406 1903
1406 1976
1407 1620
1407 1647
1409 1554
1410 1431
1410 1466
1410 1907
1411 1777
1411 1788
1412 1489
1412 1624
1412 1672
1413 1481
1413 1742
1413 1846
1414 1547
1414 1679
1414 1792
1416 1431
1416 1791
1416 1953
1416 1978
1417 1546
1417 1581
1417 1757
1417 1876
1418 1594
1418 1990
1419 1506
1419 1718
1420 1624
1420 1762
1420 1894
1420 1946
1420 1966
1421 1476
1421 1507
1421 1784
1421 1807
1421 1943
1422 1785
1422 1796
1422 1814
1422 1848
1423 1556
1423 1651
1423 1754
1423 1757
1423 1890
1424 1495
1425 1545
1425 1779
1426 1775
1426 1834
1427 1662
1427 1737
1427 1899
1428 1996
1429 1459
1429 1829
1429 1922
1429 1953
1430 1527
1430 1911
1431 1475
1431 1489
1431 1529
1431 1584
1431 1680
1431 1912
1432 1724
1432 1862
1432 1904
1433 1741
1433 1814
1434 1850
1435 1592
1435 1649
1435 1655
1435 1723
1436 1599
1436 1629
1436 1802
1438 1867
1438 1878
1438 1931
1439 1454
1439 1858
1439 1946
1439 1980
1440 1588
1440 1647
1440 1719
1440 1919
1440 1997
1441 1549
1441 1715
1441 1921
1442 1535
1442 1552
1442 1817
1442 1862
1443 1641
1443 1995
1444 1636
1446 1681
1447 1537
1447 1561
1447 1666
1447 1726
1448 1499
1448 1922
1449 1474
1449 1856
1450 1528
1450 1779
1450 1834
1450 1867
1450 1910
1450 1921
1451 1768
1452 1539
1452 1867
1452 1900
1453 1830
1453 1999
1454 1511
1454 1718
1455 1550
1455 1847
1456 1553
1456 1569
1456 1892
1457 1495
1457 1498
1457 1697
1457 1880
1457 1993
1458 1606
1458 1895
1459 1579
1459 1640
1460 1580
1460 1722
1460 1999
1461 1488
1461 1536
1461 1700
1462 1690
1463 1709
1463 1726
1464 1578
1464 1640
1464 1893
1464 1954
1465 1974
1466 1766
1466 1828
1466 1898
1466 1981
1467 1511
1467 1832
1467 1857
1468 1927
1468 1935
1469 1637
1469 1729
1469 1797
1469 1839
1470 1687
1470 1694
1470 1748
1470 1940
1471 1697
1471 1758
1471 1838
1472 1657
1473 1623
1473 1660
1473 1763
1473 1927
1474 1553
1474 1700
1474 1882
1475 1517
1475 1765
1475 1775
1475 1831
1475 1931
1476 1817
1477 1674
1477 1986
1477 1999
1478 1766
1479 1699
1479 1840
1479 1969
1480 1524
1481 1854
1481 1886
1481 1912
1482 1967
1483 1977
1485 1939
1486 1548
1486 1619
1487 1706
1488 1796
1489 1984
1490 1514
1490 1596
1490 1717
1491 1836
1492 1916
1493 1673
1493 1748
1494 1697
1495 1652
1495 1699
1495 1876
1496 1550
1496 1779
1497 1515
1497 1532
1497 1562
1498 1684
1498 1718
1498 1977
1498 1991
1498 1998
1499 1658
1499 1665
1499 1760
1500 1873
1500 1904
1501 1586
1501 1813
1502 1899
1502 1900
1503 1542
1504 1554
1504 1657
1504 1861
1505 1737
1505 1917
1506 1951
1507 1766
1507 1956
1507 1970
1508 1531
1508 1600
1508 1848
1509 1713
1509 1920
1511 1620
1511 1677
1512 1684
1512 1834
1513 1585
1513 1620
1513 1878
1514 1900
1514 1963
1515 1746
1516 1572
1516 1642
1516 1675
1516 1931
1517 1705
1518 1790
1518 1798
1518 1806
1519 1554
1519 1743
1519 1791
1519 1930
1520 1607
1520 1670
1520 1808
1521 1734
1522 1592
1522 1728
1522 1805
1523 1841
1523 1865
1523 1990
1524 1584
1524 1596
1524 1725
1524 1750
1526 1549
1526 1688
1527 1764
1527 1881
1528 1795
1529 1601
1532 1610
1532 1702
1532 1732
1532 1803
1532 1830
1534 1606
1535 1849
1535 1884
1537 1570
1537 1816
1537 1911
1538 1999
1539 1629
1539 1689
1540 1559
1540 1827
1540 1987
1541 1810
1541 1827
1541 1926
1542 1632
1543 1563
1543 1713
1543 1958
1544 1648
1545 1743
1545 1882
1546 1956
1546 1967
1546 1999
1547 1820
1548 1571
1548 1644
1549 1667
1549 1999
1550 1640
1551 1744
1552 1630
1552 1786
1552 1943
1553 1577
1553 1722
1554 1799
1555 1715
1557 1621
1557 1873
1557 1902
1558 1687
1558 1822
1559 1706
1559 1960
1559 1996
1561 1929
1562 1606
1562 1615
1562 1917
1563 1621
1563 1838
1563 1988
1565 1601
1566 1728
1566 1818
1566 1827
1566 1879
1568 1783
1568 1832
1569 1972
1570 1610
1571 1599
1571 1618
1571 1659
1571 1942
1574 1938
1575 1780
1575 1956
1577 1715
1577 1992
1578 1742
1578 1943
1579 1959
1580 1587
1580 1830
1583 1618
1583 1726
1583 1975
1584 1706
1586 1981
1587 1938
1589 1992
1590 1839
1592 1687
1592 1987
1594 1700
1594 1747
1595 1734
1595 1819
1596 1735
1597 1617
1597 1988
1598 1830
1599 1781
1600 1901
1601 1907
1602 1796
1602 1841
1603 1763
1603 1892
1604 1646
1604 1655
1605 1889
1607 1797
1607 1963
1609 1705
1610 1757
1611 1771
1611 1797
1611 1857
1613 1820
1614 1624
1616 1654
1616 1763
1616 1913
1616 1986
1617 1729
1618 1797
1619 1781
1621 1816
1623 1759
1623 1828
1625 1662
1626 1958
1627 1647
1628 1771
1628 1883
1628 1905
1629 1881
1630 1925
1631 1921
1631 1975
1631 1991
1632 1739
1633 1820
1634 1804
1636 1743
1636 1884
1637 1762
1637 1993
1638 1810
1639 1853
1640 1751
1640 1829
1640 1941
1641 1716
1641 1841
1642 1698
1642 1770
1642 1791
1642 1804
1642 1871
1644 1720
1644 1819
1644 1823
1644 1897
1645 1714
1645 1828
1645 1908
1645 1925
1646 1736
1646 1761
1646 1934
1648 1794
1648 1890
1649 1794
1649 1874
1650 1766
1652 1893
1652 1974
1653 1772
1656 1828
1656 1998
1657 1817
1657 1950
1658 1961
1661 1819
1661 1874
1663 1799
1664 1827
1665 1701
1665 1787
1665 1914
1666 1998
1667 1670
1667 1851
1668 1795
1669 1949
1670 1847
1670 1969
1671 1991
1674 1874
1675 1822
1675 1908
1676 1817
1677 1920
1678 1817
1678 1989
1680 1757
1682 1782
1682 1852
1683 1930
1684 1761
1684 1981
1686 1980
1687 1794
1687 1980
1688 1876
1689 1953
1691 1790
1691 1816
1692 1901
1693 1825
1693 1833
1693 1879
1694 1928
1700 1788
1701 1811
1701 1972
1703 1709
1703 1913
1704 1844
1704 1875
1709 1871
1709 1920
1710 1909
1711 1902
1713 1806
1713 1920
1714 1802
1714 1928
1716 1769
1717 1793
1717 1808
1718 1722
1718 1937
1719 1885
1720 1784
1723 1884
1724 1856
1724 1951
1727 1954
1727 1960
1728 1784
1728 1804
1728 1843
1728 1904
1732 1838
1733 1869
1734 1838
1734 1843
1735 1972
1737 1986
1740 1758
1741 1965
1743 1744
1744 1813
1746 1865
1746 1894
1746 1904
1748 1899
1751 1770
1754 1908
1754 1946
1755 1835
1755 1856
1757 1795
1757 1973
1757 1991
1760 1779
1761 1815
1762 1813
1762 1974
1765 1879
1765 1953
1766 1772
1768 1827
1769 1886
1770 1776
1770 1825
1772 1822
1772 1889
1773 1833
1778 1826
1779 1883
1780 1969
1780 1973
1783 1874
1783 1911
1784 1832
1784 1895
1785 1838
1785 1843
1787 1846
1787 1848
1787 1920
1788 1834
1790 1802
1791 1982
1793 1822
1794 1952
1795 1799
1798 1944
1800 1860
1802 1942
1802 1982
1804 1903
1805 1934
1807 1817
1807 1919
1807 1921
1808 1885
1808 1914
1808 1964
1812 1947
1812 1979
1813 1917
1813 1928
1814 1923
1815 1856
1815 1945
1817 1821
1817 1948
1817 1996
1823 1848
1824 1978
1828 1913
1832 1888
1834 1923
1834 1972
1836 1995
1838 1883
1839 1872
1842 1913
1842 1984
1844 1884
1844 1908
1845 1847
1848 1891
1849 1882
1849 1951
1850 1895
1850 1948
1850 1979
1851 1854
1852 1887
1853 1956
1854 1932
1856 1867
1859 1914
1862 1879
1862 1900
1866 1996
1867 1954
1871 1888
1871 1932
1874 1928
1875 1909
1875 1964
1877 1922
1878 1886
1880 1926
1882 1983
1883 1998
1885 1984
1887 1967
1898 1925
1900 1937
1910 1970
1911 1917
1914 1976
1916 1936
1921 1922
1931 1944
1938 1976
1948 1996
1951 1953
1954 1973
1955 1964
1956 1988
1957 1988
1960 1988
1965 1999
1968 1990
1972 1984
1988 1995
