0 20
0 57
0 91
0 182
0 220
0 249
0 279
1 10
1 41
1 135
1 185
1 190
1 249
1 264
1 287
1 298
2 37
2 45
2 73
2 103
2 183
2 185
2 191
2 200
2 292
3 24
3 61
3 73
3 90
3 94
3 96
3 119
3 196
3 226
3 250
3 270
4 9
4 15
4 52
4 79
4 103
4 184
4 199
4 269
4 293
5 9
5 37
5 42
5 55
5 107
5 287
6 9
6 30
6 79
6 83
6 152
6 263
7 38
7 63
7 76
7 84
7 124
7 213
7 232
8 9
8 56
8 59
8 61
8 156
8 158
8 174
8 207
8 215
8 216
8 241
8 262
8 286
8 288
9 26
9 74
9 94
9 95
9 107
9 141
9 171
9 183
9 292
10 69
10 180
10 213
10 295
11 41
11 55
11 82
11 194
11 224
11 264
11 270
11 290
12 18
12 124
12 148
12 193
12 239
12 251
12 256
12 274
12 298
13 57
13 145
13 191
13 231
13 233
13 241
13 258
13 296
13 298
14 57
14 68
14 109
14 118
14 121
14 134
14 171
14 176
14 188
14 191
14 211
14 241
14 268
14 290
15 23
15 61
15 145
15 291
16 36
16 74
16 115
16 192
16 217
16 219
16 231
16 256
17 64
17 121
17 163
17 202
17 252
17 257
17 292
18 79
18 100
18 123
18 131
18 162
18 183
18 212
18 255
18 265
18 294
19 20
19 31
19 43
19 87
19 95
19 124
19 164
19 226
19 270
19 298
20 34
20 41
20 42
20 57
20 175
20 196
20 203
20 206
20 233
21 25
21 28
21 56
21 75
21 146
21 173
21 181
21 195
21 281
21 295
21 297
21 299
22 88
22 137
22 140
22 141
22 152
22 220
22 238
22 247
22 259
23 71
23 96
23 98
23 100
23 144
23 194
23 241
23 258
23 276
23 285
24 25
24 38
24 40
24 67
24 182
24 191
24 229
25 49
25 59
25 105
25 243
25 259
25 267
26 27
26 35
26 37
26 89
26 151
26 160
26 190
26 288
27 45
27 49
27 63
27 96
27 105
27 109
27 137
27 171
27 181
27 191
27 204
27 214
27 295
28 108
28 145
28 154
28 282
29 46
29 121
29 140
29 142
29 143
29 154
29 166
29 197
29 218
29 220
29 223
29 241
29 244
30 60
30 62
30 76
30 113
30 135
30 199
30 206
30 224
31 49
31 83
31 145
31 178
31 225
31 264
31 295
32 37
32 72
32 80
32 85
32 108
32 125
32 134
32 150
32 230
32 235
32 245
32 292
33 86
33 171
33 196
33 250
34 57
34 119
34 131
34 159
34 196
34 232
34 248
35 53
35 56
35 120
35 165
35 221
35 225
35 244
36 72
36 93
36 133
36 157
36 162
36 170
36 207
37 42
37 71
37 83
37 102
37 131
37 199
37 204
37 242
38 107
38 179
38 220
39 77
39 104
39 118
39 127
39 190
39 198
40 147
40 168
40 179
40 203
40 208
40 280
41 52
41 61
41 75
41 79
41 83
41 116
41 156
41 226
41 242
41 268
42 87
42 91
42 114
42 261
43 46
43 56
43 111
43 136
43 216
43 219
44 87
44 96
44 105
44 109
44 134
44 184
44 208
44 249
44 295
45 97
45 122
45 146
45 169
45 246
45 253
46 79
46 93
46 127
46 176
46 181
46 189
46 205
46 279
47 130
47 133
47 137
47 168
47 230
47 236
47 298
48 67
48 88
48 124
48 247
49 68
49 130
49 148
49 247
50 86
50 128
50 194
50 223
50 242
50 280
50 289
51 57
51 110
51 242
52 88
52 102
52 188
52 191
52 194
53 60
53 67
53 92
53 130
53 148
53 223
53 244
53 284
54 56
54 59
54 72
54 89
54 172
54 178
54 203
54 211
55 107
55 118
55 152
55 236
55 279
55 283
56 131
56 132
56 146
56 168
56 186
56 260
56 286
57 61
57 131
57 132
57 135
57 140
57 168
57 176
57 248
57 249
58 160
58 247
59 76
59 120
59 160
59 178
59 187
59 210
59 282
60 103
60 140
60 172
60 228
60 236
60 257
61 87
61 91
61 122
61 168
61 173
61 177
61 189
61 237
62 68
62 141
62 212
62 286
63 181
63 205
63 221
63 278
63 291
64 100
64 149
64 154
64 212
65 98
65 114
65 197
65 260
65 294
66 74
66 129
66 199
67 71
67 81
67 105
67 167
67 222
67 258
67 261
67 293
68 169
68 190
68 242
68 267
69 72
69 119
69 142
69 220
69 270
70 121
70 173
70 233
71 98
71 99
71 151
71 180
72 110
72 113
72 121
72 125
72 142
72 149
72 195
72 227
72 248
73 110
73 119
73 187
73 208
73 251
73 271
74 123
74 198
74 207
74 226
74 266
75 117
75 192
75 231
75 236
75 262
76 130
76 148
76 188
76 263
77 134
78 211
78 236
78 254
78 293
78 297
79 92
79 123
79 173
79 227
79 228
79 244
79 279
80 124
80 127
80 205
80 213
80 267
80 299
81 100
81 120
81 139
81 169
81 207
81 217
81 237
81 289
82 123
82 149
82 160
82 219
82 224
82 244
83 100
83 137
83 156
83 169
83 201
83 202
83 255
84 114
84 117
84 232
84 286
84 289
85 90
85 187
85 200
85 212
85 221
86 148
86 178
86 181
86 190
86 194
86 294
87 135
87 239
87 289
87 295
88 93
88 164
88 185
88 196
88 201
88 212
88 225
88 254
89 161
89 260
89 262
90 202
90 233
90 293
91 112
91 170
91 208
91 216
91 253
92 107
92 141
92 195
92 205
93 158
93 179
93 198
93 224
94 121
94 155
94 182
94 279
95 127
95 146
95 190
95 217
95 237
95 239
96 99
96 147
96 178
96 229
96 259
96 267
97 104
97 110
97 145
97 288
98 138
98 149
98 239
98 258
99 131
99 226
99 264
100 183
100 287
101 115
101 159
101 180
101 184
101 188
101 239
101 247
101 298
102 122
102 150
102 158
102 160
102 182
102 188
102 245
102 251
102 263
102 277
102 279
103 118
103 178
103 199
103 264
103 276
103 288
104 125
104 140
104 153
104 195
104 232
104 247
104 287
105 111
105 119
105 144
105 155
105 177
105 224
105 299
106 128
106 169
106 183
106 258
106 280
106 288
107 123
107 164
107 190
107 204
107 213
107 265
107 274
108 155
108 185
108 212
108 216
108 232
108 265
108 272
109 172
109 199
109 285
109 294
110 116
110 199
110 200
110 208
111 136
111 157
111 206
111 228
111 254
111 285
111 287
112 270
112 273
113 114
113 166
113 172
113 177
113 197
113 260
113 264
113 298
114 120
114 143
114 184
114 246
114 277
114 282
115 117
115 157
115 212
115 226
115 269
115 286
116 142
116 170
116 198
116 201
117 146
117 218
117 226
117 293
118 156
118 160
118 282
119 168
119 174
119 207
119 260
119 279
119 289
120 177
120 227
120 232
120 287
121 190
122 145
122 228
122 254
122 283
123 139
123 165
123 185
123 193
123 224
123 253
123 262
123 276
124 217
124 247
125 220
125 250
125 257
125 264
126 173
126 192
126 219
126 232
126 255
126 294
127 165
127 220
127 238
127 263
127 274
127 285
128 201
128 206
128 218
128 245
129 154
129 191
129 253
129 288
130 132
130 175
130 179
130 214
130 217
130 219
130 289
131 146
131 232
131 245
131 247
131 271
131 287
132 221
132 232
132 250
132 291
133 136
133 168
133 198
133 225
133 242
133 254
134 217
134 233
134 268
135 195
135 249
135 282
136 178
136 198
136 285
136 291
137 176
137 220
138 184
138 225
138 253
138 255
138 267
138 292
139 186
139 224
139 229
139 243
140 160
140 194
140 206
140 261
141 149
141 175
141 223
141 240
142 184
142 210
142 267
143 179
143 188
143 197
143 206
143 251
143 253
143 279
144 165
145 161
145 254
145 274
145 280
145 281
145 282
146 210
146 235
147 219
147 241
147 282
148 238
149 191
149 196
149 239
149 261
149 263
149 275
149 277
150 171
150 224
151 180
151 199
151 262
151 279
152 213
153 187
154 219
154 254
154 258
154 292
156 265
156 286
157 190
157 192
157 234
157 268
157 294
158 181
159 183
159 228
159 243
160 178
160 222
160 247
161 201
161 226
161 240
161 288
162 208
162 298
163 211
163 222
163 229
164 186
164 189
164 221
164 253
164 298
165 291
165 298
166 194
166 229
166 232
166 256
166 289
167 187
167 248
167 257
168 222
168 224
168 250
168 261
168 277
169 221
169 228
170 189
170 206
170 229
170 240
170 256
170 262
170 277
170 279
171 201
171 263
171 269
171 270
171 299
172 206
172 212
172 268
172 272
172 280
172 283
173 174
173 194
173 231
174 190
174 247
174 263
174 266
174 283
175 193
175 215
175 219
175 251
176 199
176 261
176 277
176 297
176 298
177 186
177 190
177 255
177 279
178 233
178 260
178 269
179 185
179 228
179 229
179 253
179 285
179 290
180 199
180 258
181 182
181 251
181 279
181 288
182 223
182 237
184 185
184 234
185 204
185 272
185 296
186 200
186 217
186 290
187 222
187 246
188 195
188 262
188 278
189 262
189 265
190 196
190 209
190 226
191 223
191 238
191 265
191 269
192 204
193 200
193 244
193 274
194 217
194 240
194 291
194 295
195 206
195 218
195 222
195 239
195 249
196 220
196 267
197 212
197 252
198 207
198 212
198 213
198 253
198 289
199 233
199 244
199 267
200 208
200 258
201 238
202 216
202 283
202 287
202 293
203 217
203 220
204 293
206 208
206 262
206 270
207 246
207 259
207 275
208 219
209 217
209 248
209 270
210 215
210 266
210 273
211 234
211 267
211 290
213 234
213 278
213 295
213 297
214 225
214 245
214 276
214 298
215 239
216 231
216 258
216 270
216 289
217 218
218 223
218 280
218 294
219 225
219 263
219 277
222 232
222 266
222 267
222 283
223 262
224 226
224 231
224 258
225 260
226 247
226 249
226 266
226 278
227 243
227 264
227 273
227 283
228 258
228 279
229 243
229 247
230 298
231 269
231 271
231 292
232 246
232 253
232 272
234 276
234 280
235 277
235 288
235 299
237 266
238 243
238 259
238 293
241 261
241 278
241 285
242 263
244 274
246 275
248 282
249 271
249 275
250 298
252 259
252 282
252 294
252 296
253 254
254 258
255 258
255 268
255 295
257 260
257 273
263 285
263 292
266 292
266 297
267 286
267 295
268 298
271 273
271 298
273 274
273 299
275 292
276 293
278 284
278 289
279 288
279 295
279 297
280 299
287 298
290 291
