0 205
0 14
0 74
0 68
0 53
0 3
0 103
0 104
0 8
0 91
0 124
0 37
0 36
0 114
0 166
0 162
0 88
0 1
0 24
0 20
0 215
0 18
0 11
0 118
1 189
1 209
1 208
1 91
1 5
1 7
1 281
2 24
2 94
2 100
2 157
2 4
3 23
3 14
3 30
3 145
3 247
3 15
3 8
3 6
3 11
3 7
3 19
3 77
3 12
3 52
3 89
3 41
3 26
3 105
3 144
3 56
3 22
3 135
3 231
4 155
4 37
4 129
4 284
4 276
4 70
4 235
5 13
5 30
5 193
5 53
5 202
5 38
5 37
5 36
5 72
5 294
5 107
5 97
5 279
5 215
5 39
5 136
5 216
5 34
5 229
5 281
5 282
5 101
5 47
6 96
6 81
6 23
6 13
6 286
6 19
6 103
6 165
6 164
6 197
6 8
6 91
6 38
6 166
6 127
6 66
6 20
6 59
6 257
6 256
6 293
6 206
6 229
7 121
7 96
7 92
7 225
7 128
7 13
7 145
7 74
7 68
7 163
7 160
7 208
7 8
7 72
7 35
7 269
7 28
7 86
7 187
7 59
7 132
7 182
8 81
8 23
8 128
8 30
8 17
8 78
8 10
8 47
8 35
8 24
8 112
8 198
8 45
8 85
8 149
8 86
8 73
8 138
8 204
8 253
9 17
9 164
9 207
9 124
9 61
9 246
9 52
9 146
9 21
9 299
9 253
9 100
9 135
9 18
10 96
10 128
10 30
10 247
10 248
10 32
10 17
10 160
10 117
10 28
10 151
10 264
10 156
10 97
10 287
10 84
10 256
10 206
10 33
10 71
10 27
10 228
10 108
11 188
11 261
11 14
11 250
11 30
11 32
11 19
11 165
11 20
11 63
11 129
11 71
11 101
11 295
11 108
11 113
11 266
11 51
11 158
11 213
11 87
11 133
12 109
12 13
12 28
12 88
12 179
12 22
12 58
12 122
12 230
12 130
12 167
12 45
12 29
13 189
13 81
13 14
13 15
13 16
13 17
13 32
13 43
13 62
13 33
13 35
13 41
13 53
13 26
13 22
13 60
13 123
13 170
13 51
13 133
14 23
14 25
14 64
14 29
14 43
14 26
14 68
14 114
14 128
14 98
14 21
14 73
14 66
14 72
14 222
14 145
14 221
14 254
14 283
14 291
15 92
15 68
15 19
15 36
15 80
15 149
15 88
15 66
15 24
15 129
15 33
15 153
15 119
15 291
15 54
15 143
15 93
15 65
15 139
15 234
15 253
15 191
16 44
16 28
16 187
16 115
16 54
16 227
16 143
16 201
16 122
16 244
16 25
16 41
16 40
17 239
17 27
17 20
17 39
17 46
17 140
17 234
17 127
17 95
17 266
18 298
18 30
18 74
18 292
18 177
18 36
18 252
18 258
18 279
18 63
18 178
18 33
18 52
18 168
18 27
18 108
18 31
18 172
18 244
18 276
18 161
18 214
19 251
19 36
19 64
19 50
19 77
19 38
19 48
19 119
19 94
19 21
20 147
20 41
20 125
20 108
20 140
20 95
20 169
20 285
20 221
20 27
21 31
21 40
21 29
22 32
22 213
22 158
22 69
22 159
23 121
23 49
23 138
23 202
23 192
23 226
23 279
23 136
23 186
23 191
24 117
24 151
24 98
25 30
25 99
25 165
25 36
25 72
25 183
25 26
25 279
25 285
25 131
25 226
25 85
25 34
25 217
25 47
25 198
25 58
25 50
25 299
25 249
25 175
25 265
26 82
26 84
26 122
26 57
26 169
26 51
27 30
27 74
27 243
27 199
27 117
27 36
27 107
27 226
27 39
27 293
27 182
27 259
27 179
27 29
27 118
27 161
27 65
27 210
27 144
27 198
28 109
28 239
28 286
28 200
28 155
28 164
28 117
28 296
28 50
28 77
28 61
28 115
28 75
28 157
28 220
28 134
28 154
28 105
28 57
28 245
29 92
29 218
29 99
29 53
29 200
29 272
29 78
29 36
29 35
29 269
29 88
29 231
29 83
29 31
29 227
29 69
29 283
29 242
29 100
29 249
30 261
30 71
30 34
30 44
30 114
30 75
30 113
30 156
30 207
30 69
30 216
30 223
30 241
30 263
30 70
30 36
31 44
31 220
31 229
31 259
31 101
31 263
31 89
31 47
31 54
31 43
31 139
32 181
32 67
32 37
32 80
32 76
32 194
32 150
32 233
32 241
32 191
33 107
33 84
33 40
33 217
33 85
33 242
34 204
34 85
34 58
34 172
34 139
34 277
34 123
35 163
35 177
35 148
35 144
35 172
35 112
36 121
36 248
36 39
36 142
36 152
36 97
36 198
36 119
36 194
36 190
36 210
36 270
36 100
36 159
36 64
37 286
37 208
37 38
37 48
37 275
37 204
38 79
38 146
38 255
38 276
39 209
39 111
39 82
39 44
39 47
39 89
39 228
39 157
39 214
39 56
40 237
40 263
40 49
40 75
41 99
41 80
41 132
41 206
41 50
41 142
42 231
42 120
42 141
42 122
42 130
42 185
42 90
42 46
43 147
43 290
43 66
43 83
43 259
43 146
43 168
43 49
43 196
43 284
43 171
44 78
44 70
44 67
44 87
44 91
44 167
45 170
45 171
45 93
45 48
46 111
46 61
46 178
46 270
46 89
46 224
46 185
46 255
47 218
47 212
47 202
47 293
47 217
47 125
47 133
47 56
47 174
48 212
48 103
48 65
48 57
49 239
49 82
49 151
49 63
49 55
49 195
49 221
50 111
50 86
50 59
50 206
50 54
50 249
50 289
50 274
50 65
50 135
51 219
51 217
51 79
52 207
52 76
52 182
52 94
52 224
52 102
52 150
53 109
53 62
53 59
53 56
53 83
53 196
54 96
54 261
54 55
54 289
54 87
54 223
55 251
55 290
55 63
55 204
55 170
55 284
55 211
55 175
56 78
56 137
56 223
57 174
57 262
58 251
58 104
58 61
58 106
58 210
59 261
59 158
59 180
59 102
59 176
59 186
60 166
60 76
60 113
60 171
60 93
60 254
60 192
61 92
61 164
61 207
61 124
61 262
61 291
62 189
62 177
62 268
62 136
62 182
62 240
62 116
62 141
62 172
62 196
62 211
62 79
63 83
63 119
63 185
64 81
64 181
64 219
64 114
64 149
64 86
64 132
64 84
64 245
64 146
64 282
64 101
64 295
64 228
64 143
64 69
64 244
64 241
64 158
64 95
64 67
66 126
67 121
67 74
67 99
67 155
67 111
67 268
67 169
67 240
67 87
67 280
67 140
68 209
68 130
68 260
68 179
69 127
70 193
70 200
70 104
70 290
70 165
70 148
70 294
70 137
70 287
70 136
70 281
70 282
70 71
70 297
70 227
70 240
70 201
70 139
70 77
70 105
70 224
71 181
71 97
71 287
71 132
71 76
71 245
71 220
71 101
71 213
71 105
72 110
73 124
73 246
73 79
73 98
74 154
74 149
74 168
74 183
74 163
74 176
74 197
74 260
74 299
75 154
75 126
75 180
75 267
76 209
76 259
76 174
77 225
77 82
77 173
77 80
77 288
77 137
77 222
77 113
77 195
77 190
78 101
78 118
78 134
78 123
79 218
79 230
79 196
79 167
80 141
80 151
80 288
81 135
82 112
82 120
82 107
82 93
82 211
82 296
83 173
83 116
83 238
84 157
84 144
84 275
85 103
85 120
86 239
86 199
87 205
87 115
88 90
89 188
89 162
89 153
89 142
89 125
89 180
90 199
90 184
90 133
91 129
92 94
92 138
92 170
92 242
94 152
94 106
94 110
95 131
95 214
96 231
96 153
96 185
96 280
97 109
97 173
97 281
97 266
98 197
98 216
98 167
98 176
101 205
101 104
101 162
101 246
101 141
101 175
101 266
101 262
102 142
102 161
103 143
103 153
103 269
103 233
104 247
104 252
105 163
105 116
105 106
106 147
106 115
106 123
106 175
107 134
107 257
108 181
108 297
109 212
109 174
110 189
110 177
110 278
110 191
111 184
111 126
111 159
112 298
112 292
112 137
112 203
112 235
113 271
113 176
114 202
114 269
114 183
114 131
115 145
115 200
115 156
115 245
116 188
116 270
116 282
116 125
116 211
117 156
117 187
118 250
118 155
118 232
118 152
118 126
118 120
118 201
118 244
118 186
118 249
118 214
119 250
119 166
119 140
120 294
120 215
120 201
121 131
121 298
122 252
122 157
123 188
123 219
123 127
124 169
124 238
125 248
125 234
125 159
127 193
127 233
128 205
128 212
128 179
128 215
129 130
129 241
131 193
131 134
132 273
132 162
132 233
133 199
133 148
134 285
134 221
135 187
135 232
135 267
137 208
137 148
138 160
138 152
138 277
138 192
139 294
140 264
140 257
141 197
141 178
141 255
142 147
142 229
142 230
142 186
142 236
142 274
143 219
143 246
144 154
144 223
144 242
146 256
146 260
147 150
148 184
149 285
149 184
150 243
150 257
150 195
151 232
151 283
152 183
152 256
152 168
153 222
154 160
154 216
154 263
156 178
156 194
157 227
158 270
160 192
161 230
161 213
161 171
161 289
162 291
168 248
168 173
169 283
170 293
170 297
170 235
171 193
172 194
172 210
178 237
180 228
180 267
181 265
183 243
184 205
184 190
188 190
188 237
190 273
190 243
190 288
190 271
192 280
193 273
193 238
193 278
193 286
193 254
194 232
194 254
195 265
196 260
198 225
198 222
198 274
200 226
202 247
202 272
203 275
203 224
203 271
203 255
203 236
205 225
205 276
205 252
205 258
205 288
206 218
207 220
207 268
209 236
209 272
210 275
212 264
213 250
213 258
213 277
213 238
217 234
217 284
218 299
220 253
220 236
222 237
225 278
225 262
226 268
228 267
231 264
231 240
231 287
234 290
234 274
235 278
238 296
239 277
240 271
242 298
243 292
243 258
245 251
249 297
255 273
265 289
268 272
270 296
276 295
278 292
279 280
292 295
