0 279
0 57
0 20
0 220
0 249
0 182
0 91
1 135
1 190
1 264
1 10
1 185
1 41
1 298
1 287
1 249
2 292
2 185
2 191
2 37
2 45
2 103
2 73
2 200
2 183
3 90
3 119
3 94
3 73
3 61
3 226
3 96
3 196
3 24
3 250
3 270
4 9
4 79
4 184
4 293
4 269
4 15
4 52
4 103
4 199
5 9
5 37
5 287
5 42
5 55
5 107
6 9
6 30
6 79
6 83
6 263
6 152
7 124
7 76
7 232
7 213
7 63
7 84
7 29
8 9
8 207
8 215
8 286
8 158
8 56
8 61
8 241
8 216
8 262
8 288
8 174
8 59
9 171
9 107
9 292
9 26
9 74
9 95
9 141
9 94
9 183
10 295
10 213
10 69
11 41
11 194
11 224
11 270
11 55
11 264
11 82
11 290
12 124
12 239
12 274
12 256
12 193
12 148
12 18
12 251
12 298
13 57
13 233
13 145
13 258
13 231
13 241
13 34
13 110
13 191
14 171
14 188
14 57
14 134
14 109
14 290
14 268
14 241
14 176
14 118
14 191
14 211
14 68
15 145
15 61
15 23
16 217
16 219
16 256
16 115
16 192
16 231
16 36
16 74
17 257
17 292
17 121
17 202
17 64
17 252
17 163
18 294
18 79
18 255
18 131
18 265
18 123
18 162
18 100
18 212
18 183
19 226
19 298
19 20
19 164
19 87
19 31
19 270
19 95
19 43
19 124
20 57
20 203
20 233
20 206
20 41
20 196
20 42
20 34
20 175
21 299
21 28
21 75
21 25
21 56
21 195
21 173
21 181
21 295
21 146
21 297
21 281
22 259
22 141
22 88
22 247
22 220
22 140
22 238
22 137
22 152
23 71
23 276
23 285
23 144
23 194
23 258
23 96
23 98
23 241
23 100
24 38
24 229
24 25
24 191
24 182
24 67
24 40
25 259
25 267
25 105
25 59
25 49
25 243
26 190
26 35
26 160
26 27
26 37
26 288
26 151
26 89
27 171
27 63
27 214
27 109
27 49
27 295
27 96
27 137
27 105
27 132
27 142
27 204
28 145
28 282
28 108
29 143
29 166
29 140
29 250
29 244
29 241
29 223
29 46
29 218
29 121
29 142
29 220
30 135
30 199
30 206
30 224
30 113
30 60
30 76
30 62
31 178
31 264
31 145
31 83
31 295
31 49
31 225
32 85
32 230
32 292
32 245
32 134
32 80
32 235
32 72
32 37
32 108
32 125
32 150
33 171
33 86
33 196
34 131
34 57
34 248
34 119
34 159
34 196
35 56
35 53
35 225
35 244
35 120
35 165
35 221
36 93
36 207
36 133
36 157
36 170
36 162
36 72
37 242
37 71
37 131
37 83
37 102
37 199
37 42
37 204
38 107
38 220
38 179
39 190
39 198
39 77
39 104
39 127
39 118
40 168
40 208
40 203
40 280
40 147
40 179
41 242
41 79
41 116
41 75
41 268
41 226
41 61
41 52
41 156
41 83
42 91
42 114
42 87
42 261
43 136
43 219
43 56
43 111
43 216
43 46
44 208
44 184
44 134
44 109
44 295
44 96
44 87
44 105
44 249
45 253
45 97
45 146
45 122
45 218
45 169
45 246
46 93
46 79
46 127
46 279
46 189
46 176
46 205
46 209
47 130
47 298
47 168
47 133
47 137
47 236
47 230
48 124
48 88
48 67
49 130
49 247
49 148
49 68
50 242
50 86
50 194
50 289
50 128
50 223
50 280
51 57
51 110
51 242
52 188
52 88
52 194
52 102
52 191
53 130
53 67
53 223
53 60
53 244
53 148
53 92
53 284
54 178
54 203
54 56
54 72
54 172
54 211
54 89
54 59
55 236
55 279
55 152
55 283
55 118
55 107
56 168
56 131
56 286
56 146
56 260
56 132
56 186
57 135
57 168
57 131
57 61
57 176
57 140
57 249
58 160
58 247
58 72
59 178
59 210
59 76
59 160
59 187
59 282
59 120
60 257
60 236
60 172
60 228
60 103
60 140
61 168
61 91
61 173
61 189
61 122
61 177
61 87
61 237
62 141
62 286
62 212
63 221
63 181
63 291
63 278
63 205
64 149
64 100
64 212
64 154
65 294
65 114
65 197
65 260
65 98
66 129
66 199
66 74
67 71
67 293
67 81
67 258
67 167
67 222
67 105
67 261
68 190
68 242
68 267
68 169
68 161
69 119
69 72
69 132
69 270
69 142
70 233
70 173
70 121
71 98
71 151
71 180
71 99
72 227
72 248
72 153
72 125
72 99
72 121
72 113
72 195
73 271
73 208
73 187
73 119
73 251
73 110
74 198
74 207
74 123
74 266
74 226
75 236
75 262
75 231
75 117
75 192
76 130
76 263
76 188
76 148
77 134
77 102
78 236
78 293
78 211
78 254
78 297
79 227
79 123
79 279
79 228
79 173
79 244
79 92
80 124
80 299
80 127
80 213
80 267
80 205
81 217
81 207
81 100
81 120
81 289
81 169
81 237
81 139
82 160
82 219
82 149
82 123
82 224
82 244
83 255
83 201
83 137
83 100
83 156
83 202
83 296
84 286
84 232
84 114
84 289
84 117
85 212
85 187
85 200
85 221
85 90
86 294
86 178
86 190
86 194
86 181
86 148
87 135
87 239
87 289
87 295
88 93
88 164
88 185
88 254
88 212
88 196
88 201
88 225
89 262
89 260
89 161
90 293
90 202
90 233
91 112
91 253
91 208
91 170
91 216
92 141
92 107
92 195
92 205
93 198
93 179
93 224
93 158
94 155
94 182
94 121
94 258
95 190
95 217
95 239
95 127
95 146
95 237
96 178
96 259
96 229
96 267
96 147
96 99
97 104
97 145
97 288
97 110
98 138
98 239
98 258
98 149
99 264
99 131
100 287
100 183
101 239
101 188
101 184
101 115
101 247
101 298
101 159
101 180
102 160
102 188
102 245
102 279
102 158
102 263
102 122
102 182
102 251
102 277
103 178
103 264
103 276
103 199
103 118
103 288
104 232
104 247
104 195
104 140
104 287
104 125
104 153
105 299
105 155
105 119
105 144
105 224
105 111
105 177
106 258
106 288
106 280
106 169
106 128
106 183
107 190
107 164
107 274
107 265
107 213
107 123
107 204
108 155
108 265
108 185
108 232
108 212
108 272
108 216
109 294
109 285
109 172
109 199
110 116
110 208
110 291
110 200
111 136
111 157
111 285
111 206
111 287
111 228
111 254
112 273
112 270
113 264
113 166
113 114
113 197
113 172
113 177
113 260
113 169
114 143
114 184
114 120
114 277
114 282
114 246
115 157
115 226
115 212
115 286
115 117
115 269
116 198
116 170
116 142
116 201
117 293
117 146
117 226
117 218
118 160
118 156
118 282
119 168
119 207
119 279
119 289
119 174
119 260
120 227
120 232
120 177
120 287
121 190
121 181
122 145
122 283
122 228
122 254
123 253
123 276
123 185
123 262
123 224
123 193
123 139
123 165
124 247
124 217
125 264
125 257
125 250
125 220
126 294
126 219
126 255
126 173
126 192
126 232
127 220
127 263
127 238
127 285
127 274
127 165
128 245
128 201
128 206
128 218
129 191
129 253
129 288
129 154
130 219
130 179
130 217
130 289
130 132
130 175
130 214
131 271
131 245
131 232
131 287
131 247
131 146
132 221
132 250
132 291
133 198
133 168
133 242
133 136
133 254
133 225
134 217
134 233
134 268
135 195
135 249
135 282
136 178
136 198
136 285
136 291
137 176
137 220
138 267
138 292
138 253
138 184
138 255
138 225
139 229
139 186
139 224
139 243
140 160
140 194
140 206
140 261
141 149
141 223
141 175
141 240
142 210
142 184
142 267
143 279
143 206
143 179
143 253
143 188
143 197
143 251
144 165
145 274
145 282
145 280
145 161
145 254
145 281
146 210
146 235
147 219
147 241
147 282
148 238
149 239
149 263
149 197
149 196
149 261
149 277
149 275
149 191
150 171
150 224
151 199
151 279
151 262
151 180
152 213
153 187
154 219
154 292
154 258
154 254
154 181
154 270
156 265
156 286
156 195
157 294
157 190
157 268
157 234
157 192
158 181
159 228
159 243
159 183
160 178
160 247
160 222
161 201
161 226
161 288
162 208
162 298
163 229
163 222
163 211
164 253
164 298
164 186
164 189
164 221
165 298
165 291
166 229
166 256
166 232
166 194
166 289
167 257
167 248
167 187
168 224
168 222
168 277
168 261
168 250
169 221
169 228
170 229
170 256
170 279
170 189
170 206
170 277
170 262
170 240
171 263
171 270
171 201
171 299
171 269
172 268
172 283
172 206
172 280
172 212
172 272
173 194
173 231
173 174
174 190
174 266
174 247
174 283
174 263
175 219
175 215
175 193
175 251
176 180
176 297
176 261
176 199
176 277
177 190
177 255
177 186
177 181
178 260
178 233
178 269
179 253
179 229
179 185
179 285
179 290
179 228
180 199
180 191
181 279
181 209
181 200
182 223
182 206
182 240
184 185
184 234
185 204
185 272
185 296
186 217
186 290
186 200
187 222
187 246
188 262
188 195
188 278
189 265
189 262
190 226
190 196
191 265
191 269
191 223
191 238
192 204
193 274
193 200
193 244
194 217
194 295
194 291
194 240
195 239
195 281
195 206
195 249
196 267
196 220
197 252
197 212
198 253
198 213
198 289
198 212
198 207
199 248
199 233
199 244
199 267
200 208
201 238
202 293
202 283
202 216
202 287
203 217
203 220
204 293
206 208
206 262
207 246
207 259
207 275
208 219
209 217
209 248
210 266
210 273
210 215
211 290
211 234
211 267
213 295
213 278
213 297
213 234
214 245
214 276
214 298
214 225
215 239
216 289
216 258
216 231
216 270
217 218
218 294
218 223
218 280
219 263
219 277
219 225
220 222
222 266
222 283
222 232
222 267
223 262
224 258
224 226
224 231
225 260
226 266
226 247
226 249
226 278
227 264
227 283
227 243
227 273
228 279
228 258
229 247
229 243
230 298
231 271
231 292
231 269
232 253
232 297
232 284
232 246
234 276
234 280
235 299
235 277
235 288
237 266
237 287
238 259
238 293
238 243
241 285
241 261
241 278
242 263
244 274
246 275
247 258
248 282
249 271
249 275
250 298
251 288
252 294
252 259
252 282
252 296
253 254
254 258
255 258
255 295
255 268
257 260
257 273
263 292
263 285
266 292
266 297
267 286
267 295
268 298
270 272
271 298
271 273
273 299
273 274
275 292
276 293
278 289
278 284
279 295
279 288
280 299
290 291
