0 7
0 3
0 1
1 3
1 7
2 4
2 7
3 25
3 46
3 7
4 7
5 6
5 12
5 7
6 7
6 12
7 33
7 143
7 64
7 15
7 27
7 25
7 22
7 46
7 26
7 111
7 117
7 247
7 29
7 23
7 66
7 36
7 34
7 35
7 200
7 12
7 312
7 37
8 11
8 12
8 9
8 10
9 11
9 12
9 10
10 12
11 12
12 13
12 18
12 20
12 17
12 16
12 19
12 14
13 260
14 309
15 21
16 18
16 19
17 260
18 19
21 25
22 23
24 25
25 30
25 46
25 32
25 28
27 34
28 30
28 46
28 32
29 33
30 31
31 32
32 46
34 35
35 37
36 37
38 64
38 46
38 141
39 49
39 143
39 44
39 61
39 45
39 54
39 60
40 52
40 165
40 260
41 171
42 92
43 66
44 49
44 143
44 64
44 61
44 46
44 141
44 117
44 165
44 58
44 66
44 60
44 54
44 62
44 53
44 200
44 82
44 57
44 45
45 49
45 143
45 61
45 66
45 54
45 62
46 257
46 143
46 315
46 218
46 168
46 64
46 73
46 55
46 231
46 85
46 245
46 260
46 117
46 181
46 254
46 151
46 229
46 165
46 111
46 66
46 146
46 292
46 200
46 175
46 247
46 310
46 176
46 108
46 130
46 149
46 171
46 262
46 93
46 122
46 202
46 312
46 252
46 182
46 141
46 196
46 82
46 244
46 58
46 57
46 59
46 53
46 74
46 48
46 47
47 64
47 48
48 55
48 59
49 165
49 66
49 143
49 61
49 62
49 54
49 60
50 117
50 165
50 66
50 81
51 66
52 143
52 165
52 66
52 81
53 64
53 58
53 82
53 57
53 59
54 143
54 61
54 60
54 62
55 64
55 58
55 57
55 59
56 68
56 117
56 70
56 69
57 64
57 58
57 59
57 82
58 143
58 64
58 82
58 59
58 63
59 64
59 63
60 61
60 62
61 143
61 165
61 66
61 62
62 143
62 165
62 66
63 64
64 150
64 257
64 143
64 218
64 168
64 260
64 117
64 254
64 165
64 111
64 66
64 200
64 292
64 175
64 247
64 262
64 202
64 245
64 252
64 182
64 196
64 141
64 82
64 244
64 74
64 115
64 73
64 107
64 65
64 86
65 150
65 115
65 86
66 127
66 135
66 160
66 77
66 166
66 273
66 295
66 257
66 143
66 218
66 98
66 94
66 118
66 188
66 161
66 231
66 245
66 130
66 149
66 216
66 292
66 175
66 300
66 158
66 252
66 232
66 111
66 117
66 173
66 310
66 165
66 93
66 247
66 306
66 181
66 108
66 260
66 151
66 254
66 229
66 146
66 200
66 298
66 176
66 145
66 178
66 171
66 122
66 291
66 309
66 262
66 312
66 202
66 182
66 196
66 132
66 152
66 70
66 81
66 119
66 89
66 110
67 79
67 117
67 108
67 146
67 124
67 95
68 117
68 70
68 72
69 111
69 291
70 72
70 111
70 117
70 89
70 76
70 110
71 161
71 117
71 151
71 146
71 145
71 176
71 95
72 117
72 93
72 89
72 76
73 200
73 74
73 115
74 150
74 107
74 165
74 115
74 200
74 86
75 143
75 141
75 117
75 97
75 81
75 260
76 93
76 260
77 117
77 78
78 260
78 254
79 117
79 151
79 146
79 161
79 175
79 145
79 176
79 108
79 100
80 143
80 117
80 165
80 260
80 84
81 143
81 117
81 165
81 139
81 129
81 181
81 105
82 143
82 85
82 117
82 165
82 247
82 96
82 200
82 103
82 84
83 111
83 260
84 143
84 96
84 145
85 143
87 260
88 173
89 111
89 117
89 165
89 93
89 181
89 151
90 91
90 220
90 94
90 118
90 161
90 149
90 175
90 111
90 117
90 173
90 108
90 254
90 151
90 229
90 146
90 176
90 145
90 178
91 117
91 181
91 254
91 151
91 229
91 111
91 146
91 161
91 175
91 298
91 173
91 108
91 220
91 145
91 149
91 178
91 118
91 94
91 142
92 160
92 99
92 171
93 257
93 218
93 98
93 161
93 231
93 130
93 216
93 175
93 300
93 158
93 111
93 117
93 310
93 165
93 260
93 181
93 254
93 151
93 229
93 146
93 298
93 200
93 247
93 145
93 108
93 178
93 171
93 309
93 262
94 220
94 117
94 151
94 254
94 229
94 111
94 146
94 161
94 175
94 298
94 173
94 145
94 176
94 108
94 130
94 149
94 178
94 118
94 100
95 161
95 117
95 151
95 146
95 176
96 103
97 143
98 160
98 166
98 117
98 151
98 111
98 146
98 175
99 160
99 117
99 151
99 111
99 136
99 110
100 220
100 161
100 117
100 151
100 254
100 229
100 111
100 175
100 173
100 145
100 178
100 128
101 117
101 181
101 106
101 119
102 114
102 151
103 143
104 166
104 181
104 122
105 117
105 165
105 139
105 181
105 119
106 309
107 200
107 115
108 160
108 166
108 220
108 257
108 143
108 218
108 118
108 161
108 231
108 130
108 149
108 216
108 292
108 175
108 300
108 158
108 111
108 211
108 117
108 173
108 310
108 165
108 169
108 247
108 306
108 181
108 260
108 151
108 254
108 229
108 146
108 200
108 298
108 176
108 145
108 178
108 309
108 305
108 272
108 202
108 201
108 320
109 161
109 176
110 160
110 111
110 117
110 151
111 135
111 160
111 166
111 295
111 220
111 257
111 143
111 218
111 118
111 188
111 161
111 231
111 130
111 149
111 216
111 292
111 175
111 300
111 158
111 252
111 117
111 260
111 181
111 254
111 151
111 229
111 165
111 146
111 298
111 200
111 173
111 247
111 176
111 145
111 310
111 178
111 171
111 309
111 262
111 291
111 306
111 122
111 305
111 202
111 304
111 211
111 201
111 124
111 136
111 156
111 125
111 148
111 169
111 283
111 312
111 272
111 182
112 151
112 173
113 117
114 151
115 150
116 151
117 296
117 167
117 185
117 248
117 127
117 135
117 160
117 166
117 163
117 273
117 295
117 239
117 220
117 147
117 257
117 133
117 143
117 218
117 157
117 275
117 168
117 118
117 203
117 188
117 161
117 190
117 180
117 231
117 245
117 130
117 149
117 216
117 292
117 175
117 300
117 255
117 158
117 252
117 232
117 211
117 191
117 138
117 260
117 181
117 254
117 165
117 151
117 229
117 146
117 298
117 200
117 173
117 247
117 176
117 310
117 145
117 178
117 171
117 309
117 262
117 291
117 306
117 305
117 283
117 312
117 202
117 272
117 182
117 304
117 320
117 201
117 124
117 196
117 217
117 142
117 215
117 287
117 132
117 249
117 259
117 224
117 197
117 152
117 119
117 221
117 156
117 129
117 139
117 136
117 125
117 148
117 126
117 162
117 172
117 228
118 220
118 260
118 181
118 151
118 254
118 229
118 146
118 161
118 175
118 298
118 173
118 216
118 145
118 176
118 310
118 130
118 149
118 300
118 178
118 309
118 305
118 320
119 257
119 165
119 129
119 181
120 141
121 162
122 166
122 295
122 218
122 130
122 216
122 300
122 301
122 165
122 306
122 181
122 254
122 272
122 151
122 260
122 146
122 145
122 298
122 171
122 309
122 178
122 162
122 176
123 200
123 137
124 220
124 161
124 130
124 173
124 169
124 254
124 151
124 229
124 146
124 298
124 176
124 178
125 160
125 175
125 181
125 136
125 260
125 229
126 136
126 291
126 145
127 260
127 181
127 151
127 165
127 257
127 141
127 132
128 220
128 151
128 298
128 146
129 147
129 257
129 159
129 165
129 181
129 144
130 166
130 220
130 257
130 218
130 188
130 161
130 260
130 181
130 254
130 151
130 229
130 165
130 146
130 292
130 200
130 298
130 175
130 247
130 216
130 173
130 145
130 310
130 176
130 300
130 149
130 178
130 309
130 171
130 291
130 306
130 305
130 211
130 304
130 152
131 254
131 151
131 229
131 173
132 257
132 143
132 218
132 231
132 292
132 165
132 139
132 181
132 254
132 151
132 260
132 171
133 135
134 138
135 151
136 160
136 175
136 138
136 151
136 254
137 200
137 182
138 160
138 166
138 161
138 229
138 176
139 165
139 181
140 176
140 156
141 143
141 292
141 260
141 165
141 171
141 232
141 215
141 224
141 197
141 228
142 220
142 161
142 173
142 310
142 169
142 151
142 229
142 146
142 298
142 309
142 305
143 296
143 167
143 273
143 257
143 260
143 181
143 254
143 165
143 200
143 161
143 292
143 175
143 247
143 298
143 176
143 218
143 149
143 262
143 171
143 291
143 202
143 245
143 182
143 252
143 232
143 196
143 244
143 168
143 215
143 212
143 224
143 249
143 180
144 147
144 181
144 260
145 167
145 160
145 166
145 220
145 188
145 231
145 149
145 216
145 292
145 175
145 300
145 158
145 211
145 173
145 310
145 165
145 306
145 181
145 283
145 305
145 201
145 254
145 259
145 217
145 151
145 304
145 229
145 266
145 178
145 214
145 260
145 176
145 291
145 236
146 248
146 160
146 166
146 220
146 257
146 218
146 161
146 231
146 323
146 319
146 149
146 216
146 292
146 175
146 300
146 158
146 211
146 173
146 310
146 165
146 247
146 306
146 181
146 297
146 283
146 320
146 305
146 201
146 321
146 254
146 324
146 272
146 259
146 299
146 200
146 217
146 151
146 304
146 229
146 152
146 313
146 178
146 260
146 176
146 309
146 291
146 298
147 181
147 165
147 157
148 220
148 254
148 151
148 229
148 156
149 166
149 295
149 220
149 257
149 218
149 161
149 323
149 319
149 260
149 181
149 254
149 151
149 229
149 165
149 200
149 298
149 175
149 247
149 173
149 310
149 176
149 300
149 178
149 309
149 291
149 262
149 305
149 158
149 211
149 320
149 201
149 321
149 324
150 200
151 296
151 185
151 160
151 186
151 166
151 220
151 257
151 218
151 157
151 188
151 161
151 190
151 180
151 231
151 209
151 216
151 292
151 175
151 300
151 255
151 158
151 232
151 211
151 191
151 155
151 173
151 310
151 165
151 169
151 247
151 306
151 181
151 251
151 283
151 287
151 305
151 282
151 201
151 254
151 324
151 221
151 156
151 200
151 217
151 270
151 260
151 229
151 298
151 176
151 171
151 291
151 178
151 309
151 262
151 304
151 182
151 197
151 214
152 292
152 165
152 247
152 202
152 260
153 163
153 170
153 181
153 260
154 170
154 260
156 220
156 254
156 229
156 176
157 160
157 181
157 170
158 160
158 166
158 257
158 218
158 161
158 216
158 292
158 175
158 300
158 260
158 181
158 254
158 165
158 229
158 298
158 247
158 173
158 178
159 181
160 260
160 181
160 254
160 229
160 161
160 247
160 298
160 173
160 178
160 300
160 166
160 188
160 190
161 248
161 166
161 220
161 257
161 218
161 260
161 181
161 254
161 229
161 165
161 292
161 200
161 175
161 298
161 247
161 173
161 216
161 310
161 176
161 231
161 300
161 178
161 309
161 171
161 291
161 306
161 305
161 283
161 320
161 211
161 304
161 201
161 217
161 272
161 287
161 236
161 251
161 242
162 181
163 181
164 298
165 296
165 167
165 166
165 273
165 295
165 257
165 183
165 218
165 275
165 241
165 168
165 250
165 180
165 231
165 245
165 216
165 292
165 175
165 300
165 252
165 232
165 173
165 310
165 260
165 181
165 254
165 229
165 298
165 200
165 247
165 176
165 171
165 262
165 291
165 312
165 202
165 182
165 196
165 212
165 244
165 215
165 287
165 249
165 224
165 197
165 205
165 172
165 174
165 178
166 260
166 181
166 254
166 229
166 200
166 292
166 175
166 257
166 247
166 298
166 173
166 216
166 218
166 310
166 231
166 300
166 178
166 171
166 309
166 291
166 306
166 188
166 190
166 301
167 260
167 257
167 247
168 257
168 218
168 260
168 200
168 247
168 262
168 202
168 245
168 182
168 196
168 212
169 260
171 257
171 218
171 231
171 216
171 292
171 175
171 173
171 247
171 224
171 181
171 254
171 200
171 229
171 215
171 262
171 197
171 260
171 294
171 228
172 247
172 260
173 220
173 257
173 218
173 203
173 216
173 292
173 175
173 300
173 211
173 260
173 181
173 254
173 229
173 298
173 200
173 247
173 176
173 310
173 309
173 291
173 306
173 305
173 283
173 272
173 304
173 320
173 201
173 217
173 178
175 295
175 220
175 257
175 218
175 188
175 231
175 238
175 216
175 260
175 181
175 254
175 229
175 200
175 298
175 247
175 310
175 300
175 178
175 309
175 291
175 262
175 306
175 305
175 283
175 304
175 232
175 211
175 201
175 217
175 255
175 221
175 191
176 239
176 257
176 203
176 292
176 300
176 211
176 310
176 247
176 181
176 320
176 189
176 201
176 254
176 272
176 259
176 200
176 217
176 229
176 262
176 316
176 291
176 298
177 200
178 220
178 188
178 231
178 216
178 292
178 300
178 310
178 306
178 181
178 305
178 254
178 259
178 217
178 229
178 298
178 291
178 309
178 260
179 181
180 257
180 187
180 260
180 181
181 296
181 273
181 295
181 220
181 257
181 218
181 188
181 190
181 231
181 194
181 245
181 206
181 238
181 216
181 292
181 300
181 255
181 219
181 252
181 232
181 225
181 211
181 191
181 310
181 247
181 306
181 224
181 260
181 254
181 229
181 298
181 200
181 309
181 291
181 262
181 305
181 283
181 312
181 202
181 320
181 304
181 215
181 249
181 197
181 221
181 205
181 208
181 195
181 210
182 223
182 257
182 218
182 245
182 292
182 252
182 247
182 212
182 244
182 200
182 260
182 262
182 202
183 260
183 254
183 292
184 200
185 229
185 191
188 260
188 254
188 229
188 216
188 231
188 255
188 191
189 229
189 201
191 203
191 216
191 254
191 221
192 200
193 220
194 206
196 257
196 218
196 250
196 245
196 252
196 247
196 212
196 244
196 200
196 249
196 294
196 303
196 236
197 257
197 218
197 231
197 205
197 215
198 212
198 200
199 212
200 317
200 223
200 235
200 204
200 257
200 315
200 218
200 275
200 241
200 250
200 231
200 245
200 216
200 292
200 252
200 232
200 213
200 310
200 247
200 212
200 254
200 244
200 260
200 229
200 298
200 291
200 262
200 202
200 312
200 249
200 227
201 220
201 203
201 216
201 211
201 260
201 254
201 229
202 257
202 218
202 250
202 245
202 292
202 252
202 310
202 247
202 287
202 244
202 249
202 260
202 262
203 229
203 217
204 212
205 238
205 260
205 208
207 257
211 220
211 216
211 260
211 254
211 229
212 245
212 252
212 247
212 260
212 262
212 244
213 247
214 291
215 295
215 257
215 231
215 238
215 292
215 224
215 254
215 260
215 261
216 296
216 280
216 295
216 239
216 220
216 257
216 218
216 231
216 238
216 260
216 254
216 229
216 292
216 298
216 247
216 310
216 300
216 309
216 291
216 262
216 306
216 305
216 283
216 320
216 217
216 255
216 221
216 285
216 270
217 248
217 220
217 234
217 254
217 260
217 229
217 298
218 296
218 273
218 257
218 260
218 254
218 229
218 292
218 247
218 298
218 231
218 300
218 262
218 245
218 312
218 252
218 232
218 244
218 275
218 249
219 260
219 225
220 248
220 260
220 254
220 229
220 298
220 310
220 300
220 309
220 306
220 305
220 283
220 320
220 304
220 272
220 259
220 321
220 299
220 324
220 297
220 236
220 251
220 242
221 231
221 254
221 260
221 229
222 254
222 229
223 260
223 241
224 295
224 257
224 231
224 292
224 260
224 254
224 261
225 260
226 229
227 235
228 273
228 253
228 232
228 261
229 296
229 248
229 280
229 258
229 239
229 257
229 233
229 231
229 271
229 234
229 238
229 292
229 300
229 255
229 286
229 310
229 237
229 247
229 306
229 285
229 251
229 297
229 242
229 283
229 287
229 320
229 305
229 254
229 272
229 259
229 299
229 304
229 260
229 298
229 291
229 309
229 262
229 236
230 257
231 296
231 295
231 239
231 257
231 260
231 254
231 298
231 247
231 310
231 300
231 309
231 291
231 306
231 255
231 287
231 238
231 282
231 284
232 273
232 295
232 253
232 257
232 275
232 274
232 292
232 260
232 254
232 247
232 262
232 261
233 254
238 260
238 254
238 261
239 260
239 254
239 255
240 260
241 260
241 247
241 244
241 250
243 247
244 257
244 245
244 252
244 247
244 260
244 262
245 257
245 260
245 254
245 292
245 262
245 312
245 252
245 249
246 260
247 317
247 273
247 257
247 315
247 275
247 292
247 300
247 252
247 310
247 330
247 260
247 254
247 298
247 262
247 291
247 312
247 249
248 254
248 259
248 258
249 273
249 257
249 260
249 262
250 257
250 260
252 257
252 292
252 260
252 254
252 262
253 260
253 287
253 275
253 261
254 296
254 280
254 258
254 295
254 257
254 265
254 275
254 271
254 292
254 300
254 255
254 286
254 310
254 306
254 285
254 297
254 283
254 287
254 320
254 305
254 282
254 321
254 260
254 298
254 291
254 262
254 309
254 272
254 312
254 259
254 304
254 270
254 299
255 295
255 271
255 260
255 298
255 291
255 270
255 266
256 260
257 296
257 273
257 295
257 260
257 292
257 298
257 262
257 312
257 287
257 275
257 263
258 272
259 283
259 260
260 279
260 296
260 280
260 273
260 295
260 290
260 265
260 281
260 275
260 293
260 274
260 278
260 276
260 292
260 308
260 300
260 267
260 310
260 306
260 285
260 283
260 307
260 287
260 320
260 305
260 282
260 268
260 289
260 324
260 272
260 299
260 277
260 264
260 302
260 270
260 304
260 312
260 288
260 262
260 266
260 298
260 309
261 296
261 295
261 275
261 274
261 292
261 287
261 291
262 275
262 292
262 310
262 312
265 280
265 285
265 270
265 266
265 271
266 280
266 282
266 270
268 269
269 298
270 280
270 282
271 282
272 283
272 321
272 324
272 298
273 292
274 295
274 275
274 287
275 296
275 295
275 292
275 287
280 292
280 285
280 282
282 292
283 292
283 310
283 285
283 297
283 298
283 305
285 292
285 300
285 298
286 300
286 298
286 310
287 296
287 295
287 292
287 307
289 292
291 296
291 295
291 292
291 300
291 310
291 309
292 296
292 295
292 298
292 310
292 300
292 309
292 306
292 305
292 304
292 307
292 302
292 308
295 296
295 310
295 307
295 302
296 307
297 298
297 299
298 300
298 310
298 306
298 320
298 305
298 321
298 324
298 304
298 309
299 300
299 306
300 310
300 309
300 306
300 305
300 304
300 320
301 309
304 310
304 306
305 310
305 306
305 309
306 310
306 309
309 310
310 323
310 319
310 320
310 321
311 317
311 315
311 312
312 317
312 315
312 330
312 318
312 314
312 325
312 328
313 315
313 316
314 315
314 316
315 317
315 316
315 318
317 318
319 323
320 323
320 322
320 321
321 324
326 331
326 329
326 328
326 327
327 328
328 329
