0 211
0 181
0 250
0 1
0 173
0 299
0 298
0 239
1 3
1 5
1 79
1 297
1 299
1 2
1 218
2 3
2 5
2 76
2 159
2 299
2 165
2 81
3 219
3 227
3 279
3 4
3 166
3 6
4 204
4 238
4 8
4 258
4 186
4 143
4 7
5 285
5 68
5 270
5 224
5 7
6 268
6 9
6 298
6 241
6 143
6 7
7 11
7 8
7 269
7 259
8 11
8 9
8 10
8 12
9 11
9 13
9 263
9 29
9 105
9 10
10 13
10 192
10 271
10 30
11 15
11 141
11 171
11 67
11 211
11 289
11 12
12 16
12 195
12 81
12 150
12 259
13 101
13 115
13 59
13 17
13 40
13 42
14 17
14 15
14 16
14 18
14 92
14 130
15 101
15 288
15 16
15 174
15 241
15 210
15 44
15 248
16 136
16 261
16 17
16 19
16 127
17 152
17 22
17 149
17 58
17 21
17 138
17 19
18 277
18 242
18 181
18 22
18 255
18 98
18 111
19 22
19 76
19 156
19 215
19 23
19 20
20 22
20 177
20 91
20 186
20 153
20 219
21 24
21 172
21 62
21 190
21 285
22 25
22 295
22 151
22 26
22 234
22 24
23 25
23 284
23 290
23 27
23 59
24 25
24 277
24 137
24 94
24 27
24 97
25 230
25 27
25 28
25 29
25 228
26 64
26 29
26 87
26 248
26 30
26 132
27 29
27 121
27 122
27 166
27 142
28 267
28 261
28 46
28 256
28 50
28 30
28 203
29 37
29 102
29 30
29 31
30 34
30 187
30 252
30 51
31 147
31 135
31 33
31 153
31 281
31 218
32 34
32 242
32 148
32 253
32 265
32 168
32 35
32 144
33 34
33 273
33 83
33 36
33 278
33 249
33 166
34 37
34 36
34 84
34 35
35 237
35 238
35 88
35 36
36 279
36 37
36 40
36 39
36 118
37 38
37 202
37 142
37 97
37 56
37 210
37 109
38 259
38 40
38 42
38 233
38 41
38 39
39 41
39 40
39 43
39 42
40 148
40 43
40 42
40 289
41 242
41 79
41 281
41 151
41 231
42 75
42 128
42 45
42 224
43 47
43 243
43 175
43 134
43 138
43 233
44 47
44 242
44 46
44 230
44 100
44 45
44 214
45 47
45 46
45 49
45 153
46 104
46 168
46 87
46 48
46 94
47 48
47 125
47 50
47 198
47 180
48 212
48 295
48 179
48 246
48 49
48 50
48 124
48 51
49 52
49 92
49 50
49 120
49 51
50 52
50 54
50 115
50 53
50 118
50 167
51 54
51 55
51 132
52 271
52 127
52 269
52 53
52 71
52 55
52 56
52 144
53 57
53 264
53 134
53 55
53 197
53 56
54 268
54 176
54 76
54 238
54 180
54 126
55 174
55 198
55 59
55 58
56 273
56 59
56 58
56 271
57 59
57 58
57 61
57 183
57 251
57 293
58 292
58 161
58 194
58 62
59 201
59 61
59 180
59 63
59 283
60 250
60 171
60 249
60 72
60 61
60 191
60 240
60 210
61 64
61 196
61 65
61 62
61 116
62 152
62 201
62 211
62 64
62 285
63 64
63 234
63 175
63 286
63 65
63 66
63 67
64 65
64 132
64 229
64 279
65 136
65 279
65 68
65 67
65 219
66 273
66 68
66 262
66 70
66 74
67 147
67 68
67 192
67 69
67 71
68 296
68 187
68 72
68 70
68 121
68 132
69 179
69 146
69 70
69 72
69 157
69 120
69 73
70 85
70 72
70 73
70 71
71 75
71 261
71 250
71 259
71 298
72 207
72 192
72 74
72 183
73 76
73 216
73 188
73 74
74 76
74 78
74 124
74 77
75 76
75 148
75 77
75 93
76 78
76 87
76 77
76 228
77 80
77 125
77 172
77 175
77 228
78 296
78 295
78 140
78 254
78 80
78 95
78 79
78 81
79 282
79 80
79 97
79 287
79 84
79 224
79 150
80 131
80 81
80 83
80 88
81 97
81 210
81 106
82 147
82 161
82 85
82 271
82 158
82 250
83 151
83 134
83 145
83 84
83 106
84 189
84 220
84 87
84 86
84 85
85 204
85 90
85 149
85 86
85 127
86 87
86 294
86 120
86 89
87 88
87 138
87 235
88 213
88 158
88 92
88 208
89 162
89 92
89 91
89 93
89 117
90 292
90 272
90 93
90 289
90 131
91 171
91 102
91 95
91 285
92 96
92 261
92 185
92 93
92 94
92 95
93 237
93 145
93 208
93 133
94 211
94 96
94 254
94 208
94 95
94 191
94 232
95 96
95 99
95 97
95 203
96 97
96 111
96 166
96 100
96 98
97 193
97 270
98 119
98 101
98 99
98 111
99 101
99 102
99 240
99 214
100 103
100 141
100 104
100 102
100 248
101 102
101 105
102 103
102 270
102 104
102 142
102 105
103 107
103 104
103 229
103 173
104 141
104 107
104 108
104 113
105 148
105 145
105 180
105 128
105 218
106 295
106 123
106 158
106 110
106 108
106 107
107 114
107 288
107 290
107 110
107 186
107 223
107 285
108 267
108 151
108 170
108 110
108 111
108 247
109 112
109 236
109 145
109 113
109 239
109 117
110 112
110 114
110 244
110 246
110 235
110 113
110 111
111 112
111 296
111 115
112 115
112 114
112 116
112 239
112 113
113 114
113 219
113 116
114 115
114 128
114 116
114 117
115 119
115 157
115 162
115 228
115 116
116 264
116 168
116 118
117 169
117 119
117 118
117 217
118 139
118 161
118 262
119 150
119 120
119 121
119 122
120 209
120 125
120 121
120 251
121 200
121 260
121 289
121 122
122 151
122 125
122 269
122 124
123 125
123 127
123 126
123 133
123 289
124 152
124 236
124 202
124 128
124 241
125 187
125 261
125 129
125 127
125 126
126 139
126 155
126 129
127 212
127 130
127 131
128 137
128 270
128 130
128 240
129 265
129 196
129 252
129 130
129 175
129 232
130 176
130 244
130 257
130 133
130 134
130 203
131 135
131 216
131 149
131 173
131 133
132 242
132 136
132 146
132 266
133 135
133 178
133 158
133 183
134 152
134 137
134 244
134 146
134 138
134 186
135 147
135 136
135 139
135 247
136 243
136 213
136 139
136 146
136 198
136 143
137 141
137 259
137 145
138 199
138 252
138 142
139 222
139 141
139 142
139 154
139 248
139 143
140 221
140 142
140 271
140 175
140 230
141 151
141 239
141 257
141 179
141 293
142 268
142 146
142 145
142 224
143 268
143 262
143 281
144 209
144 237
144 282
144 159
144 153
144 276
145 163
145 148
146 277
146 208
146 231
147 151
147 198
147 150
148 292
148 288
148 238
148 218
148 149
149 243
149 150
150 275
150 152
150 151
150 159
150 197
151 152
151 193
152 154
152 164
153 156
153 162
153 167
153 154
154 156
154 195
154 164
154 182
154 263
155 156
155 227
155 159
155 157
155 217
156 158
156 159
156 182
156 228
157 254
157 160
157 171
157 159
157 203
158 177
158 256
158 162
158 297
158 159
159 282
159 288
159 161
160 163
160 279
160 273
160 162
160 203
160 294
161 211
161 162
161 217
161 272
161 232
161 164
162 191
163 165
163 166
163 167
163 164
164 292
164 298
164 165
164 258
165 284
165 168
165 167
165 251
165 166
166 168
166 262
167 171
167 170
167 184
168 169
168 171
168 170
169 171
169 223
169 278
169 173
169 287
169 172
170 288
170 215
170 257
170 173
170 276
171 207
171 204
171 174
172 176
172 291
172 185
172 173
173 176
173 174
174 177
174 178
174 297
175 176
176 207
176 294
176 179
177 236
177 297
177 256
178 201
178 181
178 182
178 291
178 180
179 263
179 219
180 280
180 182
180 183
181 185
181 245
181 183
182 295
182 184
182 185
182 183
183 248
184 270
184 188
184 186
184 294
185 187
185 188
185 223
185 245
186 199
187 188
187 240
187 191
187 189
188 268
188 189
188 192
188 190
189 193
189 192
189 190
190 193
190 253
190 192
190 256
190 197
191 192
191 205
191 247
192 193
192 215
192 297
193 198
193 197
193 195
194 196
194 195
194 197
194 198
194 289
195 206
195 198
196 200
196 199
196 197
196 278
197 206
197 198
198 199
198 230
199 200
199 203
199 201
199 231
200 204
200 201
200 265
200 202
201 236
201 204
201 203
202 206
202 204
202 205
203 273
204 206
204 207
204 263
204 216
205 209
205 208
205 259
205 239
206 209
206 207
206 208
206 252
207 209
207 211
207 263
207 271
207 276
208 209
208 212
209 288
209 213
209 217
209 265
210 288
210 283
211 215
211 213
212 215
212 214
212 230
213 215
213 284
213 217
213 214
214 215
214 280
214 263
215 286
215 217
215 218
216 220
216 219
216 285
217 240
217 219
218 222
218 221
218 267
218 261
218 220
219 222
219 265
219 240
220 222
220 221
220 259
220 223
221 222
221 268
221 223
221 224
221 225
222 223
222 224
222 225
223 236
223 265
223 227
223 225
224 254
224 227
225 227
225 226
225 258
225 229
225 228
226 257
226 227
226 230
226 229
226 251
226 228
227 261
227 272
227 290
227 229
229 230
229 231
229 233
230 249
230 294
230 233
231 234
231 233
232 236
232 234
232 255
233 234
233 235
234 236
234 238
235 238
235 259
235 239
236 237
236 267
236 245
237 238
237 295
238 242
238 240
238 239
239 253
240 242
241 242
241 244
241 245
243 247
243 246
243 245
244 246
244 247
245 249
245 247
246 284
246 248
247 250
247 274
248 250
249 250
249 251
250 253
250 262
250 252
251 273
251 254
252 257
252 255
253 256
253 263
253 255
254 299
255 257
255 256
256 272
256 257
256 285
256 258
258 262
258 259
259 278
260 264
260 262
260 297
260 263
260 269
261 284
262 263
263 271
264 267
264 288
264 266
264 265
266 267
266 268
266 270
266 269
267 270
268 270
268 271
268 287
269 279
269 273
269 271
270 274
270 271
272 274
272 276
273 275
273 277
273 276
274 275
274 277
274 278
274 276
275 276
275 278
275 279
276 277
276 279
276 280
277 278
277 280
278 279
278 280
278 291
279 282
280 282
280 284
280 281
281 282
281 284
281 283
282 285
282 283
283 287
283 286
283 285
284 287
285 288
286 290
286 287
286 289
287 290
287 291
288 290
289 291
290 293
291 294
292 294
292 295
292 293
293 295
293 294
294 297
294 298
295 297
295 298
296 297
296 298
296 299
297 299
298 299
