0 1
0 2
0 3
0 4
0 5
0 6
0 7
0 8
0 9
0 10
0 11
0 14
0 16
0 19
0 22
0 24
0 26
0 30
0 32
0 40
0 45
0 51
0 57
0 71
0 78
0 102
0 119
0 126
0 147
0 159
0 177
0 187
0 210
0 215
0 233
0 234
0 240
0 241
0 245
0 256
0 267
0 327
0 330
0 382
0 436
0 437
0 439
0 527
0 529
0 541
0 570
0 588
0 594
0 628
0 679
0 758
0 762
0 770
0 807
0 816
0 835
0 847
0 864
0 871
0 875
0 876
0 877
0 902
0 991
0 1027
0 1062
0 1066
0 1097
0 1104
0 1162
0 1175
0 1228
0 1266
0 1295
0 1362
0 1383
0 1413
0 1426
0 1471
0 1482
0 1513
0 1538
0 1563
0 1718
0 1733
0 1754
0 1773
0 1788
0 1844
0 1856
0 1913
0 1982
1 5
1 6
1 7
1 8
1 14
1 15
1 16
1 18
1 28
1 29
1 43
1 105
1 114
1 129
1 145
1 150
1 159
1 182
1 187
1 192
1 193
1 198
1 226
1 287
1 300
1 312
1 394
1 433
1 459
1 500
1 511
1 531
1 564
1 588
1 592
1 594
1 634
1 643
1 651
1 674
1 710
1 712
1 760
1 791
1 832
1 880
1 894
1 956
1 996
1 998
1 1044
1 1082
1 1101
1 1107
1 1141
1 1148
1 1209
1 1322
1 1339
1 1347
1 1369
1 1384
1 1436
1 1478
1 1481
1 1511
1 1526
1 1579
1 1588
1 1606
1 1658
1 1709
1 1710
1 1751
1 1791
1 1859
1 1878
1 1927
1 1973
1 1979
2 7
2 8
2 12
2 19
2 23
2 28
2 37
2 46
2 48
2 71
2 77
2 90
2 161
2 169
2 185
2 189
2 286
2 287
2 322
2 375
2 383
2 488
2 748
2 763
2 859
2 929
2 1088
2 1158
2 1231
2 1252
2 1418
2 1454
2 1522
2 1703
2 1714
2 1906
2 1988
3 5
3 8
3 9
3 10
3 12
3 14
3 30
3 37
3 54
3 62
3 63
3 84
3 140
3 206
3 257
3 310
3 371
3 446
3 471
3 476
3 479
3 516
3 530
3 788
3 896
3 1022
3 1045
3 1142
3 1226
3 1257
3 1357
3 1374
3 1393
3 1426
3 1683
3 1924
3 1935
4 5
4 6
4 19
4 20
4 22
4 28
4 42
4 44
4 52
4 80
4 100
4 108
4 176
4 192
4 202
4 257
4 261
4 273
4 274
4 355
4 372
4 389
4 464
4 465
4 517
4 547
4 602
4 638
4 642
4 727
4 826
4 896
4 903
4 1077
4 1246
4 1485
4 1518
4 1588
4 1592
4 1601
4 1615
4 1706
4 1816
4 1930
5 6
5 7
5 9
5 10
5 12
5 14
5 15
5 17
5 18
5 23
5 24
5 25
5 27
5 29
5 30
5 32
5 34
5 35
5 39
5 49
5 50
5 67
5 68
5 73
5 76
5 80
5 85
5 92
5 93
5 95
5 102
5 105
5 122
5 123
5 135
5 155
5 168
5 174
5 177
5 182
5 188
5 189
5 200
5 206
5 210
5 212
5 215
5 220
5 238
5 255
5 260
5 261
5 272
5 276
5 284
5 294
5 324
5 328
5 331
5 343
5 367
5 383
5 386
5 393
5 400
5 415
5 440
5 445
5 448
5 481
5 499
5 513
5 563
5 606
5 611
5 615
5 629
5 633
5 656
5 661
5 665
5 680
5 707
5 722
5 824
5 841
5 856
5 894
5 895
5 927
5 937
5 954
5 963
5 981
5 987
5 999
5 1029
5 1034
5 1067
5 1078
5 1090
5 1095
5 1096
5 1099
5 1154
5 1180
5 1183
5 1187
5 1230
5 1248
5 1265
5 1306
5 1308
5 1313
5 1327
5 1329
5 1351
5 1465
5 1494
5 1534
5 1545
5 1550
5 1611
5 1637
5 1660
5 1701
5 1711
5 1718
5 1734
5 1760
5 1836
5 1864
5 1872
5 1911
5 1929
6 33
6 56
6 162
6 166
6 227
6 262
6 271
6 279
6 339
6 391
6 446
6 564
6 715
6 725
6 805
6 907
6 1188
6 1211
6 1358
6 1422
6 1790
6 1803
6 1839
6 1879
7 9
7 11
7 18
7 20
7 21
7 22
7 27
7 29
7 33
7 35
7 36
7 38
7 39
7 56
7 66
7 73
7 140
7 145
7 146
7 152
7 154
7 197
7 210
7 232
7 233
7 248
7 265
7 290
7 317
7 318
7 346
7 399
7 414
7 426
7 460
7 513
7 528
7 548
7 650
7 660
7 672
7 711
7 740
7 745
7 769
7 772
7 779
7 808
7 826
7 933
7 947
7 968
7 993
7 1039
7 1046
7 1100
7 1157
7 1223
7 1299
7 1321
7 1371
7 1378
7 1446
7 1470
7 1503
7 1657
7 1688
7 1715
7 1768
7 1780
7 1809
7 1839
7 1861
7 1921
8 13
8 23
8 31
8 38
8 56
8 60
8 62
8 63
8 74
8 82
8 102
8 121
8 127
8 142
8 144
8 153
8 175
8 197
8 208
8 276
8 299
8 304
8 313
8 323
8 383
8 389
8 414
8 430
8 437
8 440
8 493
8 509
8 518
8 520
8 554
8 559
8 581
8 589
8 598
8 699
8 711
8 729
8 753
8 754
8 837
8 844
8 853
8 873
8 878
8 946
8 981
8 987
8 996
8 1035
8 1065
8 1133
8 1147
8 1154
8 1177
8 1184
8 1191
8 1224
8 1246
8 1288
8 1305
8 1335
8 1356
8 1374
8 1387
8 1471
8 1490
8 1529
8 1530
8 1606
8 1650
8 1678
8 1686
8 1694
8 1814
8 1827
8 1833
8 1913
8 1956
8 1966
9 10
9 11
9 12
9 13
9 15
9 17
9 20
9 21
9 22
9 39
9 41
9 62
9 69
9 70
9 71
9 82
9 94
9 98
9 99
9 100
9 101
9 107
9 109
9 128
9 140
9 143
9 190
9 223
9 252
9 309
9 329
9 337
9 354
9 371
9 396
9 435
9 483
9 485
9 531
9 543
9 588
9 671
9 673
9 704
9 732
9 778
9 784
9 846
9 847
9 850
9 886
9 905
9 906
9 954
9 962
9 1049
9 1148
9 1150
9 1175
9 1189
9 1221
9 1268
9 1282
9 1364
9 1546
9 1570
9 1617
9 1648
9 1650
9 1663
9 1665
9 1671
9 1730
9 1751
9 1754
9 1757
9 1764
9 1790
9 1797
9 1825
9 1850
10 11
10 13
10 17
10 68
10 77
10 82
10 103
10 114
10 123
10 137
10 168
10 208
10 243
10 299
10 345
10 356
10 369
10 411
10 423
10 466
10 495
10 538
10 587
10 774
10 861
10 943
10 959
10 1063
10 1204
10 1250
10 1450
10 1530
10 1586
10 1597
10 1599
10 1849
10 1917
11 13
11 15
11 16
11 17
11 18
11 19
11 21
11 23
11 25
11 26
11 32
11 36
11 43
11 45
11 58
11 66
11 67
11 70
11 74
11 79
11 80
11 84
11 85
11 86
11 89
11 90
11 106
11 110
11 112
11 123
11 131
11 133
11 135
11 137
11 138
11 142
11 165
11 174
11 196
11 201
11 207
11 209
11 214
11 215
11 216
11 254
11 261
11 268
11 270
11 286
11 295
11 307
11 308
11 316
11 332
11 333
11 364
11 370
11 392
11 400
11 402
11 408
11 410
11 436
11 439
11 448
11 453
11 478
11 480
11 495
11 507
11 510
11 515
11 522
11 532
11 544
11 551
11 570
11 583
11 590
11 599
11 633
11 634
11 692
11 696
11 725
11 776
11 813
11 824
11 875
11 878
11 897
11 906
11 927
11 990
11 1003
11 1013
11 1016
11 1017
11 1031
11 1047
11 1055
11 1086
11 1110
11 1128
11 1129
11 1173
11 1195
11 1209
11 1323
11 1371
11 1392
11 1407
11 1431
11 1457
11 1469
11 1538
11 1552
11 1573
11 1629
11 1634
11 1640
11 1642
11 1651
11 1653
11 1668
11 1679
11 1735
11 1762
11 1781
11 1813
11 1851
11 1853
11 1870
11 1886
11 1947
11 1965
11 1969
11 1993
12 53
12 55
12 61
12 319
12 368
12 503
12 809
12 949
12 1075
12 1090
12 1130
12 1497
12 1529
12 1601
12 1741
13 20
13 26
13 34
13 64
13 92
13 112
13 134
13 136
13 154
13 263
13 276
13 337
13 434
13 621
13 749
13 777
13 866
13 896
13 934
13 1109
13 1170
13 1353
13 1420
13 1589
13 1661
13 1817
13 1876
14 28
14 29
14 47
14 54
14 69
14 74
14 87
14 127
14 141
14 173
14 232
14 249
14 251
14 274
14 277
14 287
14 304
14 324
14 326
14 346
14 395
14 500
14 567
14 603
14 624
14 807
14 939
14 973
14 1147
14 1212
14 1276
14 1446
14 1544
14 1744
14 1832
14 1939
15 16
15 25
15 32
15 53
15 59
15 73
15 111
15 128
15 143
15 158
15 188
15 194
15 237
15 239
15 247
15 270
15 301
15 317
15 321
15 334
15 353
15 356
15 411
15 440
15 475
15 481
15 484
15 543
15 584
15 589
15 615
15 663
15 749
15 794
15 805
15 819
15 842
15 874
15 895
15 953
15 1048
15 1095
15 1131
15 1149
15 1181
15 1202
15 1227
15 1266
15 1389
15 1488
15 1510
15 1523
15 1682
15 1693
16 55
16 117
16 129
16 188
16 213
16 216
16 302
16 316
16 366
16 452
16 479
16 496
16 624
16 850
16 893
16 1270
16 1273
16 1276
16 1309
16 1361
16 1386
16 1399
16 1622
16 1872
17 50
17 54
17 61
17 66
17 76
17 84
17 87
17 113
17 120
17 192
17 327
17 329
17 360
17 390
17 417
17 496
17 540
17 555
17 582
17 601
17 625
17 668
17 680
17 770
17 779
17 805
17 849
17 911
17 1004
17 1039
17 1059
17 1092
17 1252
17 1258
17 1281
17 1300
17 1387
17 1556
17 1565
17 1631
17 1658
17 1686
17 1700
17 1711
17 1726
17 1763
17 1869
17 1929
18 21
18 24
18 27
18 30
18 34
18 42
18 46
18 51
18 53
18 73
18 87
18 88
18 101
18 110
18 138
18 151
18 171
18 174
18 183
18 202
18 239
18 255
18 263
18 313
18 388
18 390
18 416
18 434
18 455
18 473
18 504
18 520
18 538
18 541
18 577
18 606
18 631
18 635
18 674
18 697
18 900
18 980
18 990
18 1005
18 1009
18 1010
18 1017
18 1050
18 1157
18 1190
18 1265
18 1282
18 1294
18 1343
18 1404
18 1420
18 1444
18 1452
18 1467
18 1539
18 1603
18 1605
18 1608
18 1733
18 1736
18 1755
18 1792
18 1820
18 1833
18 1896
18 1903
18 1946
19 27
19 31
19 37
19 38
19 39
19 48
19 50
19 57
19 69
19 75
19 77
19 84
19 98
19 136
19 139
19 149
19 178
19 190
19 196
19 222
19 229
19 262
19 269
19 272
19 346
19 347
19 386
19 391
19 420
19 494
19 527
19 555
19 564
19 622
19 669
19 755
19 833
19 953
19 972
19 982
19 1040
19 1054
19 1104
19 1105
19 1133
19 1177
19 1290
19 1373
19 1453
19 1458
19 1475
19 1611
19 1717
19 1731
19 1921
19 1981
20 25
20 36
20 47
20 65
20 72
20 79
20 89
20 100
20 102
20 104
20 106
20 108
20 122
20 136
20 149
20 168
20 217
20 222
20 235
20 253
20 261
20 264
20 285
20 295
20 305
20 314
20 329
20 349
20 362
20 366
20 460
20 471
20 531
20 532
20 557
20 558
20 570
20 608
20 609
20 671
20 718
20 719
20 739
20 741
20 762
20 772
20 979
20 1112
20 1141
20 1143
20 1180
20 1188
20 1304
20 1326
20 1369
20 1403
20 1405
20 1412
20 1414
20 1508
20 1595
20 1654
20 1680
20 1745
20 1762
20 1783
20 1862
20 1886
21 105
21 127
21 158
21 160
21 205
21 230
21 255
21 275
21 340
21 347
21 396
21 411
21 472
21 530
21 613
21 659
21 775
21 794
21 971
21 975
21 1060
21 1159
21 1240
21 1246
21 1358
21 1452
21 1831
22 41
22 44
22 62
22 143
22 208
22 367
22 583
22 715
22 746
22 781
22 851
22 996
22 1304
22 1400
22 1672
22 1688
22 1748
22 1798
22 1805
22 1864
22 1946
22 1992
23 24
23 60
23 86
23 90
23 155
23 186
23 439
23 477
23 481
23 540
23 639
23 664
23 701
23 721
23 767
23 783
23 908
23 1104
23 1443
23 1451
23 1696
23 1899
23 1962
24 31
24 40
24 44
24 50
24 89
24 96
24 151
24 166
24 171
24 215
24 225
24 258
24 325
24 328
24 335
24 354
24 442
24 478
24 533
24 545
24 560
24 563
24 568
24 576
24 678
24 703
24 739
24 766
24 776
24 886
24 990
24 1022
24 1191
24 1307
24 1336
24 1542
24 1603
24 1635
24 1639
25 26
25 35
25 42
25 45
25 59
25 60
25 78
25 85
25 86
25 87
25 138
25 163
25 176
25 213
25 219
25 257
25 315
25 319
25 350
25 406
25 485
25 497
25 536
25 543
25 573
25 585
25 746
25 778
25 785
25 836
25 843
25 918
25 953
25 1072
25 1122
25 1196
25 1245
25 1253
25 1276
25 1384
25 1397
25 1406
25 1448
25 1512
25 1624
25 1700
25 1859
26 33
26 46
26 54
26 57
26 58
26 60
26 70
26 79
26 86
26 115
26 118
26 135
26 172
26 184
26 199
26 211
26 271
26 280
26 339
26 395
26 409
26 526
26 532
26 559
26 571
26 584
26 620
26 690
26 720
26 730
26 732
26 797
26 808
26 810
26 832
26 851
26 872
26 911
26 912
26 964
26 972
26 976
26 978
26 1034
26 1041
26 1118
26 1155
26 1176
26 1202
26 1284
26 1476
26 1528
26 1546
26 1781
26 1821
26 1970
27 34
27 49
27 52
27 58
27 72
27 74
27 104
27 113
27 177
27 180
27 184
27 254
27 297
27 337
27 357
27 416
27 421
27 451
27 464
27 483
27 535
27 553
27 605
27 666
27 687
27 768
27 785
27 794
27 864
27 882
27 941
27 943
27 991
27 1052
27 1057
27 1071
27 1120
27 1129
27 1183
27 1243
27 1258
27 1266
27 1410
27 1541
27 1648
27 1694
27 1759
27 1996
28 31
28 48
28 81
28 133
28 147
28 207
28 229
28 302
28 405
28 412
28 417
28 419
28 424
28 430
28 467
28 522
28 557
28 734
28 839
28 1072
28 1147
28 1277
28 1506
28 1691
28 1959
29 72
29 134
29 397
29 401
29 407
29 450
29 451
29 478
29 581
29 759
29 764
29 1340
29 1377
29 1774
30 33
30 42
30 51
30 55
30 75
30 91
30 94
30 126
30 141
30 142
30 189
30 224
30 233
30 246
30 262
30 362
30 392
30 398
30 474
30 511
30 512
30 523
30 542
30 600
30 664
30 726
30 750
30 818
30 822
30 840
30 901
30 923
30 1026
30 1146
30 1424
30 1460
30 1466
30 1483
30 1523
30 1525
30 1547
30 1594
30 1879
30 1908
31 41
31 63
31 91
31 106
31 150
31 151
31 172
31 212
31 219
31 220
31 249
31 298
31 300
31 331
31 406
31 413
31 418
31 450
31 461
31 611
31 693
31 768
31 771
31 774
31 831
31 848
31 1092
31 1138
31 1201
31 1272
31 1296
31 1390
31 1547
31 1585
31 1650
31 1716
31 1860
32 35
32 36
32 41
32 44
32 142
32 278
32 284
32 309
32 403
32 429
32 487
32 505
32 534
32 773
32 812
32 815
32 840
32 845
32 976
32 1035
32 1164
32 1166
32 1272
32 1278
32 1338
32 1367
32 1604
32 1784
32 1940
33 76
33 88
33 200
33 337
33 385
33 409
33 528
33 537
33 636
33 861
33 940
33 1201
33 1279
33 1699
33 1919
34 38
34 58
34 96
34 117
34 132
34 156
34 191
34 224
34 234
34 256
34 262
34 320
34 360
34 377
34 390
34 515
34 526
34 592
34 659
34 738
34 873
34 1029
34 1085
34 1126
34 1247
34 1327
34 1648
34 1692
34 1746
34 1763
34 1895
35 37
35 40
35 43
35 45
35 47
35 49
35 52
35 57
35 66
35 77
35 145
35 162
35 176
35 205
35 223
35 234
35 264
35 321
35 329
35 344
35 372
35 373
35 374
35 458
35 461
35 490
35 519
35 615
35 785
35 876
35 950
35 953
35 956
35 1067
35 1145
35 1172
35 1178
35 1269
35 1531
35 1651
35 1746
35 1905
35 1914
36 47
36 113
36 118
36 155
36 183
36 207
36 253
36 404
36 421
36 506
36 686
36 863
36 877
36 1004
36 1082
36 1143
36 1360
36 1937
37 40
37 56
37 83
37 115
37 193
37 203
37 206
37 223
37 283
37 289
37 385
37 392
37 508
37 645
37 646
37 679
37 738
37 934
37 1069
37 1077
37 1432
37 1527
37 1566
37 1643
37 1995
38 46
38 100
38 208
38 265
38 279
38 281
38 316
38 322
38 327
38 379
38 527
38 626
38 681
38 744
38 813
38 993
38 1070
38 1383
38 1654
38 1672
38 1756
38 1960
39 43
39 49
39 51
39 83
39 130
39 144
39 150
39 152
39 167
39 169
39 171
39 179
39 181
39 198
39 218
39 273
39 341
39 408
39 410
39 465
39 596
39 722
39 762
39 804
39 871
39 1241
39 1295
39 1428
39 1437
39 1566
39 1751
39 1807
39 1838
40 79
40 88
40 91
40 101
40 105
40 122
40 313
40 335
40 385
40 423
40 630
40 731
40 917
40 966
40 970
40 1019
40 1154
40 1211
40 1286
40 1401
40 1412
40 1472
40 1529
40 1571
40 1877
41 48
41 113
41 148
41 150
41 170
41 214
41 259
41 306
41 313
41 415
41 472
41 618
41 623
41 740
41 847
41 893
41 910
41 1011
41 1416
41 1483
41 1845
42 99
42 130
42 173
42 181
42 268
42 301
42 306
42 307
42 311
42 347
42 415
42 650
42 814
42 819
42 899
42 985
42 1442
42 1480
42 1509
42 1612
42 1675
42 1936
43 93
43 94
43 203
43 273
43 328
43 489
43 544
43 626
43 818
43 891
43 946
43 949
43 1054
43 1116
43 1180
43 1522
43 1553
44 311
44 766
44 811
44 834
44 897
44 1033
44 1076
44 1233
44 1532
44 1549
44 1627
44 1703
44 1782
45 81
45 118
45 120
45 149
45 158
45 163
45 175
45 186
45 194
45 342
45 364
45 477
45 570
45 582
45 590
45 612
45 737
45 767
45 1052
45 1462
45 1664
45 1667
45 1734
46 76
46 174
46 280
46 375
46 412
46 1172
46 1425
46 1557
46 1614
46 1652
48 52
48 81
48 89
48 97
48 98
48 107
48 164
48 186
48 289
48 590
48 672
48 716
48 757
48 789
48 834
48 882
48 894
48 900
48 945
48 983
48 1070
48 1082
48 1102
48 1126
48 1203
48 1205
48 1230
48 1459
48 1501
48 1533
48 1536
48 1550
48 1554
48 1776
48 1818
49 53
49 75
49 127
49 139
49 312
49 720
49 1080
49 1244
49 1383
49 1749
49 1912
49 1993
50 80
50 91
50 99
50 161
50 375
50 381
50 387
50 397
50 589
50 622
50 657
50 697
50 731
50 771
50 909
50 933
50 1087
50 1152
50 1315
50 1330
50 1385
50 1657
50 1687
50 1762
50 1856
50 1911
51 59
51 61
51 70
51 75
51 110
51 128
51 130
51 136
51 148
51 187
51 191
51 201
51 227
51 256
51 260
51 265
51 278
51 369
51 407
51 418
51 473
51 485
51 528
51 560
51 574
51 575
51 587
51 627
51 681
51 728
51 731
51 780
51 812
51 973
51 974
51 999
51 1085
51 1089
51 1156
51 1204
51 1227
51 1231
51 1248
51 1263
51 1290
51 1380
51 1381
51 1609
51 1778
51 1785
51 1862
51 1876
52 69
52 92
52 116
52 124
52 131
52 185
52 253
52 288
52 308
52 311
52 323
52 370
52 397
52 609
52 620
52 771
52 788
52 1200
52 1384
52 1406
52 1528
52 1625
52 1696
52 1806
52 1808
52 1943
52 1999
53 61
53 82
53 93
53 115
53 157
53 163
53 218
53 227
53 283
53 350
53 394
53 398
53 475
53 551
53 784
53 848
53 974
53 1112
53 1119
53 1121
53 1137
53 1144
53 1213
53 1300
53 1357
53 1360
53 1363
53 1398
53 1535
54 55
54 63
54 71
54 209
54 231
54 266
54 531
54 667
54 719
54 1054
54 1218
54 1341
54 1397
54 1457
54 1509
54 1687
54 1971
55 243
55 506
55 700
55 751
55 989
55 1301
55 1403
55 1909
56 59
56 64
56 96
56 104
56 111
56 123
56 226
56 302
56 308
56 310
56 314
56 339
56 352
56 456
56 519
56 593
56 648
56 676
56 727
56 750
56 758
56 1020
56 1130
56 1133
56 1155
56 1160
56 1170
56 1328
56 1672
56 1750
56 1801
58 65
58 68
58 97
58 103
58 108
58 111
58 156
58 157
58 224
58 276
58 281
58 438
58 554
58 569
58 592
58 885
58 1094
58 1179
58 1204
58 1239
58 1264
58 1415
58 1514
58 1572
58 1705
58 1714
58 1786
58 1787
58 1799
58 1944
58 1960
58 1986
59 65
59 67
59 172
59 235
59 252
59 293
59 348
59 361
59 403
59 481
59 582
59 636
59 651
59 886
59 1115
59 1216
59 1582
59 1621
59 1646
59 1680
59 1807
59 1885
60 64
60 67
60 95
60 98
60 119
60 121
60 125
60 131
60 165
60 242
60 259
60 275
60 325
60 387
60 405
60 425
60 470
60 512
60 514
60 525
60 546
60 572
60 610
60 614
60 616
60 728
60 816
60 857
60 866
60 883
60 1017
60 1040
60 1084
60 1091
60 1129
60 1149
60 1341
60 1344
60 1456
60 1476
60 1647
60 1678
61 64
61 65
61 90
61 92
61 117
61 309
61 318
61 369
61 415
61 435
61 530
61 596
61 606
61 821
61 826
61 870
61 1027
61 1072
61 1168
61 1246
61 1289
61 1365
61 1369
61 1414
61 1618
61 1843
61 1850
61 1851
62 118
62 152
62 230
62 448
62 453
62 517
62 705
62 772
62 1214
62 1309
62 1724
62 1830
62 1989
62 1998
63 285
63 575
63 654
63 827
63 946
63 1318
63 1322
64 270
64 427
64 536
64 642
64 836
64 1118
64 1535
64 1713
64 1983
65 111
65 157
65 202
65 251
65 310
65 419
65 612
65 627
65 853
65 1014
65 1036
65 1571
65 1627
65 1741
65 1761
65 1880
66 107
66 166
66 182
66 283
66 354
66 396
66 463
66 498
66 513
66 538
66 649
66 655
66 724
66 759
66 917
66 938
66 1003
66 1159
66 1282
66 1301
66 1348
66 1405
66 1412
66 1428
66 1497
66 1527
66 1707
66 1882
67 68
67 83
67 109
67 112
67 133
67 138
67 147
67 220
67 229
67 242
67 325
67 342
67 360
67 377
67 413
67 459
67 491
67 498
67 547
67 549
67 576
67 755
67 890
67 1014
67 1048
67 1203
67 1251
67 1296
67 1464
67 1583
67 1715
67 1782
67 1784
67 1943
68 109
68 216
68 231
68 258
68 302
68 319
68 420
68 452
68 645
68 757
68 967
68 1318
68 1337
68 1388
68 1491
68 1502
69 121
69 134
69 266
69 269
69 534
69 559
69 591
69 1164
69 1206
69 1360
70 72
70 85
70 103
70 145
70 153
70 333
70 508
70 553
70 632
70 694
70 817
70 954
70 1456
70 1500
70 1747
70 1879
70 1925
71 78
71 94
71 125
71 160
71 199
71 200
71 238
71 241
71 272
71 298
71 335
71 340
71 378
71 422
71 455
71 457
71 462
71 466
71 467
71 517
71 535
71 536
71 542
71 562
71 563
71 591
71 640
71 652
71 693
71 704
71 743
71 860
71 891
71 900
71 1087
71 1112
71 1165
71 1173
71 1243
71 1254
71 1268
71 1287
71 1357
71 1468
71 1543
71 1553
71 1560
71 1567
71 1621
71 1638
71 1698
71 1706
71 1713
71 1758
71 1794
71 1857
71 1926
71 1927
71 1959
72 96
72 125
72 163
72 229
72 233
72 473
72 652
72 671
72 805
72 959
72 1137
72 1476
72 1539
72 1979
73 78
73 334
73 417
73 822
73 1130
73 1243
73 1275
73 1370
73 1879
74 88
74 103
74 106
74 119
74 180
74 181
74 236
74 331
74 334
74 348
74 455
74 547
74 583
74 705
74 749
74 795
74 820
74 1093
74 1213
74 1493
74 1514
74 1750
74 1756
74 1796
74 1899
75 93
75 107
75 124
75 153
75 169
75 170
75 179
75 191
75 210
75 267
75 297
75 335
75 374
75 388
75 397
75 429
75 450
75 523
75 720
75 801
75 1159
75 1278
75 1315
75 1351
75 1461
75 1467
75 1542
75 1575
75 1582
75 1584
75 1598
75 1600
75 1864
75 1870
75 1885
75 1995
76 116
76 237
76 298
76 399
76 461
76 493
76 623
76 682
76 822
76 976
76 1200
76 1473
76 1584
76 1666
76 1799
77 97
77 151
77 342
77 381
77 822
77 1021
78 81
78 83
78 120
78 157
78 160
78 482
78 503
78 597
78 728
78 777
78 925
78 979
78 1068
78 1168
78 1194
78 1326
78 1496
78 1558
78 1722
78 1728
79 134
79 153
79 154
79 172
79 231
79 241
79 247
79 248
79 342
79 521
79 541
79 595
79 1012
79 1135
79 1437
79 1582
79 1609
80 115
80 140
80 200
80 257
80 271
80 304
80 497
80 533
80 571
80 583
80 928
80 1173
80 1386
80 1532
80 1551
81 95
81 141
81 214
81 445
81 542
81 699
81 751
81 759
81 987
81 1086
82 104
82 114
82 146
82 228
82 656
82 997
82 1009
82 1124
82 1228
82 1736
82 1867
82 1875
83 108
83 129
83 139
83 393
83 448
83 474
83 503
83 528
83 641
83 656
83 673
83 797
83 1014
83 1145
83 1162
83 1241
83 1324
83 1354
83 1374
83 1699
84 99
84 124
84 126
84 168
84 196
84 198
84 203
84 237
84 275
84 282
84 416
84 442
84 557
84 558
84 629
84 686
84 765
84 873
84 909
84 1059
84 1069
84 1086
84 1382
84 1441
84 1476
84 1770
84 1890
84 1907
85 95
85 189
85 420
85 536
85 1015
85 1247
85 1283
85 1301
85 1480
85 1495
85 1891
86 114
86 124
86 405
86 507
86 835
86 1116
86 1361
86 1409
86 1607
87 126
87 128
87 161
87 177
87 191
87 194
87 236
87 326
87 332
87 424
87 573
87 679
87 756
87 958
87 999
87 1215
87 1584
87 1777
87 1816
88 155
88 167
88 198
88 218
88 226
88 277
88 461
88 555
88 737
88 743
88 904
88 928
88 950
88 1142
88 1779
88 1912
88 1985
89 132
89 154
89 166
89 309
89 465
89 612
89 1391
90 110
90 133
90 147
90 165
90 182
90 183
90 195
90 251
90 314
90 365
90 432
90 464
90 491
90 539
90 559
90 578
90 670
90 739
90 965
90 1093
90 1133
90 1196
90 1487
90 1676
90 1814
90 1833
91 469
91 983
91 1207
91 1487
91 1936
92 109
92 143
92 217
92 358
92 413
92 454
92 542
92 577
92 603
92 637
92 647
92 925
92 940
92 1071
92 1175
92 1303
92 1592
92 1733
93 193
93 246
93 359
93 877
93 921
93 973
93 1106
93 1261
93 1425
93 1462
93 1541
93 1607
93 1846
94 97
94 159
94 219
94 221
94 277
94 288
94 294
94 299
94 460
94 491
94 610
94 646
94 727
94 1035
94 1062
94 1169
94 1415
94 1423
94 1492
94 1613
95 173
95 288
95 384
95 400
95 477
95 546
95 550
95 576
95 677
95 857
95 974
95 1024
95 1598
95 1684
96 175
96 221
96 562
96 599
96 626
96 942
96 1005
96 1056
96 1078
96 1085
96 1093
96 1413
96 1498
96 1636
96 1695
96 1740
96 1905
97 101
97 178
97 203
97 236
97 250
97 630
97 685
97 750
97 925
97 1012
97 1049
97 1098
97 1160
97 1193
97 1264
97 1372
97 1376
97 1398
97 1569
97 1667
97 1749
97 1753
97 1758
97 1794
97 1806
97 1995
98 152
98 160
98 178
98 206
98 237
98 238
98 285
98 341
98 380
98 382
98 410
98 425
98 446
98 486
98 515
98 539
98 549
98 712
98 756
98 787
98 855
98 869
98 883
98 998
98 1008
98 1196
98 1322
98 1566
98 1593
98 1599
98 1679
99 137
99 144
99 274
99 591
99 608
99 1036
99 1374
99 1409
99 1445
99 1648
99 1770
100 132
100 268
100 426
100 453
100 526
100 706
100 992
100 1245
100 1553
100 1610
100 1669
100 1932
101 116
101 148
101 162
101 185
101 243
101 250
101 431
101 444
101 552
101 707
101 775
101 1262
101 1523
101 1565
101 1607
101 1653
101 1792
101 1868
102 312
102 330
102 449
102 514
102 573
102 747
102 1474
102 1897
103 125
103 130
103 149
103 180
103 239
103 240
103 246
103 318
103 350
103 395
103 607
103 682
103 691
103 722
103 727
103 795
103 1373
103 1552
103 1582
103 1734
103 1793
104 112
104 197
104 217
104 322
104 644
104 940
104 1195
104 1236
104 1264
104 1831
105 116
105 162
105 180
105 241
105 295
105 400
105 432
105 494
105 1946
106 132
106 431
106 513
106 554
106 910
106 912
107 139
107 407
107 941
107 1047
107 1190
107 1613
107 1978
108 119
108 377
108 427
108 543
108 554
108 960
108 1641
108 1723
108 1915
109 117
109 225
109 260
109 290
109 641
109 675
109 803
109 866
109 894
109 895
109 933
109 1051
109 1218
109 1322
109 1526
109 1723
109 1887
109 1978
109 1987
110 122
110 131
110 156
110 167
110 187
110 244
110 286
110 470
110 897
110 1006
110 1042
110 1051
110 1118
110 1366
110 1422
110 1874
110 1981
111 207
111 338
111 546
111 1300
111 1475
111 1488
111 1504
111 1509
111 1670
112 176
112 294
112 326
112 331
112 475
112 634
112 665
112 876
112 913
112 1001
112 1568
112 1612
112 1637
112 1638
112 1853
112 1931
113 504
113 764
113 971
113 1004
113 1333
114 120
114 344
114 505
114 507
114 643
114 734
114 830
114 1418
115 121
115 141
115 170
115 289
115 290
115 301
115 303
115 307
115 524
115 603
115 641
115 853
115 964
115 1069
115 1131
115 1586
116 188
116 195
116 211
116 236
116 349
116 399
116 585
116 654
116 666
116 848
116 942
116 1132
116 1192
116 1419
116 1822
116 1923
117 184
117 199
117 484
117 556
117 594
117 820
117 884
117 985
117 1346
117 1488
117 1561
117 1689
118 170
118 205
118 447
118 474
118 899
118 955
118 1455
118 1546
118 1932
119 169
119 235
119 401
119 1175
120 135
120 211
120 268
120 368
120 409
120 468
120 632
120 701
120 705
120 1044
120 1056
120 1148
120 1150
120 1217
120 1255
120 1271
120 1305
120 1534
120 1574
120 1780
120 1967
121 260
121 393
121 441
121 486
121 502
121 547
121 842
121 849
121 1078
121 1180
121 1292
121 1401
121 1433
121 1673
122 436
122 508
122 755
122 982
122 1658
123 148
123 378
123 492
123 518
123 539
123 627
123 661
123 773
123 780
123 786
123 1627
123 1777
124 129
124 146
124 173
124 204
124 343
124 793
124 918
124 1195
124 1827
124 1915
125 228
125 330
125 782
125 919
125 1053
125 1478
125 1503
125 1824
125 1891
126 179
126 414
126 825
126 879
126 1139
126 1320
126 1407
126 1713
126 1958
127 213
127 652
127 1094
128 600
128 952
128 1294
128 1443
129 164
129 195
129 244
129 269
129 283
129 287
129 293
129 728
129 792
129 821
129 898
129 1114
129 1579
129 1652
129 1704
130 447
130 565
130 638
130 1111
130 1184
130 1551
130 1653
131 192
131 195
131 240
131 246
131 264
131 292
131 349
131 440
131 486
131 524
131 561
131 658
131 670
131 732
131 764
131 829
131 1056
131 1090
131 1222
131 1315
131 1330
131 1623
132 137
132 144
132 164
132 171
132 209
132 213
132 228
132 251
132 303
132 314
132 458
132 496
132 497
132 514
132 616
132 619
132 645
132 693
132 761
132 819
132 856
132 900
132 1043
132 1209
132 1275
132 1313
132 1474
132 1505
132 1563
132 1587
132 1606
132 1691
132 1766
132 1826
132 1950
133 279
133 292
133 353
133 387
133 539
133 580
133 593
133 640
133 653
133 825
133 921
133 1504
133 1547
133 1918
134 178
134 239
134 254
134 438
134 773
134 1117
134 1192
134 1528
134 1942
135 158
135 222
135 525
135 579
135 786
135 986
136 216
136 280
136 315
136 366
136 382
136 600
136 629
136 639
136 718
136 830
136 984
136 1163
136 1216
136 1226
136 1293
136 1404
136 1493
136 1496
136 1531
136 1922
137 156
137 432
137 488
137 550
137 571
137 656
137 703
137 735
137 738
137 807
137 872
137 1264
137 1677
137 1860
138 146
138 243
138 249
138 284
138 359
138 389
138 611
138 633
138 688
138 832
138 842
138 855
138 1120
138 1267
138 1423
138 1436
138 1697
138 1798
138 1856
138 1858
138 1976
139 179
139 194
139 232
139 267
139 320
139 454
139 574
139 589
139 742
139 827
139 846
139 1025
139 1053
139 1158
139 1584
139 1722
139 1934
140 205
140 258
140 691
140 717
140 783
140 929
140 969
140 1010
140 1354
141 164
141 199
141 230
141 259
141 426
141 501
141 636
141 911
141 917
141 1279
141 1312
141 1484
141 1619
141 1666
141 1734
141 1773
142 167
142 209
142 317
142 324
142 484
142 1543
143 197
143 269
143 281
143 432
143 634
143 647
143 963
143 1110
143 1585
143 1631
143 1793
143 1796
143 1994
144 212
144 258
144 278
144 310
144 356
144 380
144 441
144 494
144 541
144 625
144 675
144 1091
144 1324
144 1475
144 1971
145 1049
146 161
146 201
146 478
146 550
146 1089
146 1233
147 544
147 720
147 845
147 1028
147 1323
147 1477
147 1760
148 586
148 601
148 701
148 1894
148 1956
149 159
149 348
149 362
149 408
149 529
149 844
149 1673
150 247
150 289
150 305
150 497
150 830
150 1667
151 221
151 231
151 253
151 318
151 598
151 780
151 867
151 920
151 1186
152 232
152 293
152 334
152 433
152 438
152 473
152 475
152 650
152 765
152 783
152 800
152 1066
152 1244
152 1304
152 1578
153 223
153 244
153 303
153 347
153 384
153 428
153 451
153 468
153 530
153 730
153 850
153 904
153 1098
153 1174
153 1413
153 1513
153 1729
153 1796
154 506
154 748
154 1295
154 1702
154 1753
155 165
155 190
155 424
155 512
155 705
155 1038
155 1161
156 184
156 217
156 256
156 360
156 419
156 459
156 655
156 713
156 889
156 1260
156 1359
156 1395
156 1781
156 1855
156 1862
157 367
157 391
157 852
157 962
157 1169
157 1571
157 1602
157 1866
157 1918
157 1966
158 235
158 305
158 358
158 369
158 569
158 586
158 924
158 1050
158 1230
158 1368
158 1683
158 1819
158 1825
159 221
159 272
159 365
159 402
159 429
159 613
159 1227
159 1232
159 1343
159 1464
159 1656
160 201
160 242
160 278
160 408
160 487
160 518
160 644
160 703
160 854
160 935
160 937
160 945
160 1168
160 1363
160 1419
160 1748
161 175
161 204
161 301
161 403
161 492
161 904
161 1518
161 1802
161 1888
162 284
162 658
162 1067
162 1316
163 409
163 479
163 628
163 872
163 936
163 1041
163 1116
163 1117
163 1444
163 1675
164 186
164 363
164 1619
165 270
165 291
165 507
165 521
165 524
165 567
165 607
165 681
165 732
165 769
165 863
165 1139
165 1275
165 1765
165 1800
165 1973
166 212
166 227
166 733
166 1197
166 1291
166 1310
166 1635
166 1662
166 1710
166 1745
166 1806
167 366
167 776
167 1402
167 1507
168 181
168 476
168 1054
168 1424
168 1473
168 1624
169 551
169 793
169 1020
169 1071
170 211
170 250
170 291
170 632
170 902
170 1004
170 1088
170 1287
170 1530
170 1701
170 1901
171 612
171 775
171 989
171 1065
171 1312
171 1544
171 1635
171 1711
172 373
172 465
172 470
172 533
172 574
172 702
172 835
172 838
172 1203
172 1231
172 1440
172 1612
172 1615
173 553
173 567
174 218
174 341
174 438
174 816
174 1112
174 1358
175 183
175 193
175 250
175 282
175 294
175 297
175 298
175 358
175 462
175 463
175 466
175 686
175 752
175 779
175 801
175 851
175 870
175 1073
175 1167
175 1242
175 1254
175 1255
175 1257
175 1355
175 1421
175 1432
175 1470
175 1633
175 1688
176 435
176 551
176 665
176 1053
176 1178
176 1567
176 1869
177 372
177 412
177 483
177 495
177 498
177 518
177 561
177 566
177 602
177 698
177 922
177 1202
177 1371
177 1519
177 1778
178 185
178 355
178 768
179 365
179 502
179 537
179 674
179 714
179 891
179 1229
179 1439
179 1630
179 1744
180 305
180 368
180 714
180 941
180 1545
181 204
181 219
181 224
181 247
181 339
181 401
181 417
181 476
181 516
181 639
181 928
181 962
181 1183
181 1580
181 1652
181 1682
181 1929
182 321
182 1107
182 1452
183 368
183 434
183 580
183 786
183 803
183 1268
183 1479
183 1675
183 1836
183 1972
184 196
184 225
184 340
184 363
184 367
184 511
184 560
184 753
184 913
184 931
184 1087
184 1499
184 1773
184 1788
184 1955
184 1988
185 190
185 245
185 282
185 357
185 534
185 571
185 608
185 713
185 721
185 1000
185 1206
185 1222
185 1536
185 1647
186 444
186 1668
186 1840
187 1109
187 1317
187 1358
187 1447
187 1914
187 1971
188 228
188 245
188 265
188 281
188 382
188 384
188 1019
188 1187
188 1192
188 1237
188 1866
188 1921
189 266
189 274
189 413
189 587
189 676
189 709
189 722
189 753
189 817
189 918
189 1156
189 1655
190 254
190 351
190 353
190 402
190 451
190 617
190 689
190 924
190 1219
190 1502
190 1534
190 1591
190 1893
191 357
191 395
191 428
191 459
191 502
191 604
191 696
191 969
191 1171
191 1508
191 1629
192 463
192 631
192 716
192 798
192 837
192 884
192 1018
192 1501
192 1838
193 673
193 1068
194 204
194 304
194 484
194 617
194 623
194 735
194 806
194 937
194 1030
194 1221
194 1235
194 1320
194 1350
194 1731
195 225
195 327
195 544
195 663
195 1238
195 1289
195 1666
195 1712
195 1837
195 1904
196 273
196 637
196 683
196 726
196 1110
196 1111
196 1241
196 1272
196 1298
196 1590
196 1633
196 1738
196 1869
196 1915
197 692
198 234
198 576
198 932
198 1655
199 214
199 291
199 359
199 396
199 423
199 446
199 889
199 1121
199 1474
199 1776
199 1801
200 202
200 252
200 295
200 322
200 510
200 537
200 579
200 602
200 769
200 956
200 1070
200 1101
200 1276
200 1484
200 1727
200 1908
200 1913
201 220
201 242
201 296
201 326
201 344
201 346
201 437
201 460
201 489
201 668
201 710
201 888
201 1225
201 1455
201 1507
202 352
202 482
202 515
202 537
202 925
202 1017
202 1225
202 1310
202 1667
203 252
203 373
203 435
203 1021
203 1302
204 222
204 263
204 291
204 311
204 471
204 652
204 896
204 986
204 1695
204 1877
205 319
205 336
205 357
205 492
205 823
205 1174
205 1354
205 1427
205 1578
206 248
206 264
206 700
206 709
206 1063
206 1310
206 1352
206 1730
206 1884
206 1941
207 244
207 300
207 501
207 854
207 905
207 942
207 1362
207 1489
208 325
208 628
208 823
208 874
208 888
208 1070
208 1375
209 240
209 293
209 364
209 502
209 553
209 715
209 723
209 1197
209 1453
209 1472
210 552
210 569
210 699
210 816
210 861
210 961
210 1137
211 277
211 361
211 540
211 890
211 930
212 824
212 1237
213 615
213 1560
213 1709
214 323
214 425
214 607
214 754
214 1236
214 1274
215 271
215 377
215 504
215 825
215 934
215 990
215 1036
215 1150
215 1158
215 1167
215 1170
215 1277
215 1334
215 1638
215 1640
215 1990
216 245
216 248
216 356
216 493
216 783
216 785
216 857
216 860
216 957
216 1002
216 1190
216 1413
216 1426
216 1526
216 1722
217 784
217 797
217 873
217 899
217 939
217 1232
217 1771
217 1955
218 370
218 462
218 1390
219 1641
219 1877
220 238
220 343
220 350
220 371
220 466
220 702
220 825
220 840
220 1022
220 1034
220 1061
220 1083
220 1115
220 1130
220 1139
220 1141
220 1155
220 1176
220 1335
220 1392
220 1505
220 1525
220 1970
220 1982
221 226
221 658
221 1219
221 1553
221 1814
221 1824
222 230
222 939
222 950
222 960
223 255
223 323
223 762
223 844
223 908
223 1283
225 444
225 620
225 947
225 1353
225 1604
225 1747
225 1938
226 315
226 618
226 619
226 662
226 683
226 706
226 751
226 821
226 932
226 972
226 1055
226 1211
226 1253
226 1580
226 1766
227 343
227 984
227 1146
227 1242
227 1395
227 1757
228 527
228 830
228 1920
229 338
229 428
229 445
229 456
229 875
229 908
229 1028
229 1108
229 1438
229 1618
229 1891
230 249
230 303
230 320
230 336
230 558
230 602
230 659
230 710
230 922
230 1002
230 1006
230 1327
230 1416
230 1473
230 1486
230 1688
230 1795
230 1880
230 1999
231 267
232 275
232 306
232 379
232 517
232 675
232 696
232 767
232 775
232 854
232 868
232 1443
232 1486
232 1544
232 1620
233 266
233 349
233 580
233 665
233 1422
233 1892
234 480
234 649
234 995
234 1012
234 1331
234 1339
234 1436
234 1449
234 1557
235 599
235 734
235 790
235 892
235 901
235 977
236 423
236 490
236 1149
236 1250
236 1262
236 1388
236 1454
236 1520
236 1521
237 868
237 1616
237 1791
237 1968
238 307
238 1325
238 1379
238 1444
238 1703
238 1817
238 1906
238 1920
239 308
239 640
239 702
239 745
239 1223
239 1255
239 1724
239 1726
239 1972
239 1975
240 403
240 476
240 981
240 1018
240 1925
240 1985
241 653
241 729
241 820
241 1865
242 702
243 280
243 320
243 462
243 499
243 568
243 1251
243 1331
243 1653
244 330
244 821
244 874
244 1614
245 300
245 338
245 422
245 1494
245 1846
246 324
246 1182
246 1383
247 376
247 380
247 529
247 548
247 804
247 1025
247 1597
247 1723
248 263
248 447
248 833
248 1062
248 1096
248 1462
249 296
249 736
249 935
249 1467
249 1576
249 1596
249 1681
249 1922
249 1978
250 622
250 965
250 1296
250 1459
250 1515
250 1829
250 1859
251 259
251 292
251 361
251 376
251 449
251 469
251 706
251 760
251 767
251 798
251 880
251 1285
251 1434
251 1934
252 859
252 882
252 1033
252 1306
253 426
254 316
254 532
254 1023
254 1281
255 416
255 688
255 1334
255 1690
256 279
256 1810
256 1852
257 296
257 427
257 468
257 501
257 585
257 664
257 763
257 949
257 1238
257 1603
257 1645
257 1646
258 421
258 500
258 505
258 776
258 868
258 1046
258 1319
258 1349
258 1400
258 1408
258 1428
258 1685
258 1841
259 290
259 312
259 333
259 398
259 997
259 1031
259 1337
259 1881
260 376
260 622
260 838
260 1183
260 1219
260 1474
261 469
261 505
261 597
261 607
261 662
261 878
261 1044
261 1468
261 1932
262 717
262 1297
262 1607
262 1884
263 729
263 1194
263 1589
264 774
264 1011
264 1125
264 1128
264 1162
265 470
265 506
265 605
265 862
265 1337
265 1461
265 1755
266 292
266 370
266 504
266 892
266 1075
266 1593
266 1892
267 336
267 463
267 480
267 495
267 522
267 600
267 655
267 806
267 945
267 1026
267 1036
267 1308
267 1424
267 1983
267 1990
268 516
268 678
268 901
268 1025
268 1056
268 1477
268 1647
269 345
269 375
269 486
269 811
269 1585
269 1618
269 1775
270 590
270 756
270 777
270 879
270 977
270 1060
270 1286
270 1507
271 447
271 760
271 1143
271 1271
271 1299
272 282
272 351
272 386
272 452
272 736
272 897
272 931
272 980
272 1027
272 1502
272 1699
272 1758
272 1806
272 1898
272 1929
272 1957
273 860
273 1620
273 1955
274 315
274 552
274 630
274 1003
274 1472
275 285
275 450
275 456
275 733
275 744
275 1165
275 1604
275 1941
276 365
276 402
276 433
276 467
276 1030
276 1106
276 1142
276 1157
276 1297
276 1394
276 1523
276 1968
276 1984
276 1995
277 288
277 338
277 362
277 586
277 1069
277 1677
278 449
278 491
278 682
278 758
278 1131
278 1442
279 1421
280 363
280 444
280 734
280 1676
281 1471
281 1662
282 297
282 306
282 352
282 381
282 384
282 614
282 617
282 701
282 712
282 725
282 793
282 828
282 862
282 1122
282 1263
282 1503
282 1752
282 1834
282 1880
283 286
283 664
283 818
283 1286
283 1296
283 1371
283 1674
283 1838
283 1962
284 299
284 317
284 390
284 430
284 503
284 548
284 604
284 694
284 1076
284 1570
284 1770
285 332
285 388
285 545
285 724
285 737
285 881
285 934
285 1155
285 1318
285 1345
285 1388
285 1485
285 1594
285 1664
285 1692
285 1886
286 376
286 471
286 565
286 1191
286 1621
286 1898
287 611
287 667
287 850
287 1027
287 1144
287 1447
287 1572
287 1832
287 1845
287 1897
288 353
288 389
288 852
288 1134
288 1250
288 1314
288 1483
288 1719
289 328
289 340
289 569
289 1185
289 1411
290 378
290 394
290 509
290 648
290 673
290 977
290 1285
290 1591
290 1884
291 354
291 549
291 1471
292 355
292 363
292 374
292 563
292 744
292 802
292 944
292 1150
292 1366
292 1628
292 1960
293 372
293 472
293 509
293 594
293 643
293 660
293 797
293 1182
293 1185
293 1454
293 1581
293 1698
293 1819
295 296
295 344
295 406
295 458
295 1007
295 1099
295 1375
295 1658
296 373
296 1249
296 1596
296 1790
296 1934
297 380
297 412
297 690
297 988
297 1102
297 1152
297 1957
297 1973
298 391
298 749
298 1113
298 1457
298 1559
299 1910
300 686
300 755
300 856
300 1801
301 333
301 774
301 1397
302 863
302 952
303 405
303 1531
303 1725
303 1980
304 443
304 520
304 1076
304 1399
304 1432
304 1493
304 1651
305 487
305 580
305 1418
305 1815
306 336
306 379
306 487
306 904
306 932
306 1812
307 619
307 884
307 1567
307 1854
308 1294
309 407
309 494
309 598
309 603
309 605
309 740
309 792
309 959
309 1123
309 1158
309 1293
309 1342
309 1693
309 1909
310 321
310 351
310 428
310 566
310 1040
310 1365
310 1874
311 379
311 493
311 866
311 1086
311 1455
311 1478
311 1577
312 424
312 550
312 625
312 641
312 854
312 923
312 926
312 1238
312 1239
312 1286
312 1399
312 1743
312 1780
312 1851
314 429
314 454
315 430
315 598
315 1030
315 1080
316 386
316 456
316 670
316 1338
317 332
317 371
317 388
317 581
317 883
317 1122
318 445
318 1189
318 1349
318 1643
318 1659
318 1672
319 795
319 1221
319 1501
319 1690
320 394
320 886
320 1050
320 1080
320 1366
320 1882
321 398
321 406
321 593
321 868
321 955
321 1064
321 1124
321 1167
321 1275
321 1338
322 341
322 345
322 359
322 374
322 393
322 443
322 523
322 574
322 694
322 711
322 716
322 733
322 887
322 935
322 966
322 1014
322 1287
322 1510
322 1514
322 1518
322 1550
322 1637
322 1736
322 1895
323 420
323 457
323 765
323 1198
323 1447
323 1805
323 1908
325 401
325 711
325 723
326 510
326 566
326 578
326 624
326 631
326 653
326 684
326 745
326 781
326 808
326 839
326 884
326 1007
326 1149
326 1370
326 1387
326 1411
326 1496
326 1540
326 1665
327 345
327 521
327 648
327 908
327 1278
327 1540
327 1654
327 1891
328 348
328 352
328 730
328 1894
329 715
329 773
329 921
329 1016
329 1345
329 1408
329 1775
329 1952
330 431
330 488
330 579
330 648
330 739
330 1055
330 1400
330 1463
330 1918
331 763
331 787
331 924
331 1335
331 1727
332 364
332 545
332 710
332 761
333 572
333 1309
334 381
334 519
334 596
334 1171
334 1352
334 1791
335 667
335 1088
335 1151
336 1581
337 468
337 1441
337 1454
337 1914
338 431
338 1865
338 1890
339 392
339 411
339 422
339 472
339 778
339 1128
339 1624
339 1993
340 361
340 425
340 492
340 635
340 1108
340 1525
340 1644
340 1936
341 351
341 358
341 437
341 489
341 512
341 533
341 617
341 626
341 654
341 875
341 892
341 910
341 951
341 979
341 982
341 1510
341 1678
341 1729
342 575
342 789
342 926
342 927
342 1164
343 568
343 789
343 841
343 1314
343 1409
343 1887
344 434
344 485
344 961
344 1068
344 1660
345 355
345 378
345 521
345 584
345 861
345 1176
345 1217
345 1257
345 1342
345 1571
345 1577
347 455
347 629
347 1555
348 995
348 1083
349 519
349 800
349 958
349 1333
349 1655
349 1974
350 1439
351 592
351 770
351 885
351 1983
352 650
352 1608
352 1938
353 454
353 562
353 633
353 793
353 1372
353 1552
354 593
354 708
355 1855
355 1865
355 1896
356 741
356 968
356 1025
356 1064
356 1377
356 1438
356 1617
356 1989
357 957
357 1111
357 1197
357 1382
357 1569
358 383
358 916
358 1003
358 1022
358 1686
359 609
359 1365
359 1412
359 1461
359 1500
359 1505
359 1876
359 1911
360 385
360 480
360 483
360 1259
360 1764
361 653
361 1316
361 1433
361 1595
362 938
362 1134
362 1343
363 692
363 947
363 1055
363 1152
363 1234
363 1305
363 1671
364 836
364 1434
365 714
365 1573
366 1747
366 1991
367 684
367 1340
367 1460
367 1533
367 1609
368 477
368 754
368 851
368 987
368 1222
368 1224
369 404
369 635
369 802
369 909
370 469
370 520
370 620
370 688
370 752
370 763
370 1102
370 1232
370 1236
370 1423
370 1977
371 449
371 523
371 585
371 791
371 1071
371 1284
371 1429
371 1564
371 1689
371 1694
371 1700
371 1737
371 1774
371 1994
372 573
372 588
372 605
372 845
372 993
372 1117
372 1287
372 1441
372 1485
372 1493
372 1885
373 418
373 1794
374 579
374 1307
374 1308
374 1380
374 1745
375 418
375 499
375 500
375 606
375 798
375 823
375 891
375 995
375 1134
375 1319
375 1554
375 1936
375 1977
376 691
376 1775
377 399
377 557
377 677
377 1089
377 1527
377 1626
377 1644
377 1649
377 1771
377 1858
378 1229
379 818
379 828
379 979
379 980
379 1121
379 1512
379 1947
380 433
380 642
380 765
380 956
380 1185
380 1229
380 1677
381 414
381 489
381 1314
381 1608
381 1802
381 1841
381 1904
381 1911
381 1984
381 1992
382 524
382 556
382 1618
382 1656
383 638
383 757
383 1035
383 1043
383 1083
383 1569
383 1977
384 858
384 1505
384 1632
384 1697
385 387
385 474
385 525
385 966
385 1212
385 1458
385 1740
385 1870
386 1379
386 1402
386 1404
387 410
388 427
388 586
388 828
388 978
388 1123
389 419
389 458
389 595
389 599
389 781
389 1706
389 1712
390 1763
390 1838
390 1988
391 916
391 1039
391 1644
392 867
394 443
394 510
394 624
394 748
394 871
394 1259
394 1387
395 988
395 1159
396 490
396 1748
397 651
397 1046
397 1047
397 1177
398 820
398 1211
398 1239
398 1520
399 1898
400 404
400 436
400 453
400 582
400 828
400 859
400 914
400 1048
400 1109
400 1127
400 1557
400 1733
401 404
401 700
401 865
401 1169
401 1446
401 1615
401 1831
402 511
402 1031
402 1073
402 1359
402 1725
403 1453
404 647
404 1386
405 422
405 575
405 1166
405 1311
405 1344
405 1468
405 1883
406 442
406 597
406 748
406 914
406 1063
406 1233
406 1267
406 1617
406 1841
406 1848
406 1951
407 619
407 666
407 964
407 1438
407 1669
407 1674
408 441
408 651
408 974
408 1038
408 1405
408 1902
409 800
409 1088
409 1981
410 1026
410 1663
410 1970
411 1107
411 1656
411 1782
412 441
412 1844
413 604
413 646
413 1376
413 1556
414 560
414 1348
414 1990
415 464
415 1797
416 689
416 827
416 1223
417 439
417 496
417 596
417 812
417 1116
417 1169
417 1307
417 1575
417 1712
417 1719
418 782
418 792
418 871
418 1100
418 1364
418 1409
418 1536
419 421
419 770
419 912
419 1030
419 1120
419 1506
420 954
420 1170
421 637
421 983
421 1452
421 1967
422 577
422 662
422 966
422 969
422 1336
423 637
423 684
423 1042
423 1093
423 1600
423 1671
424 635
424 964
424 983
424 1057
424 1867
425 1085
425 1108
425 1140
425 1161
425 1392
425 1826
425 1902
425 1950
426 488
426 1199
426 1489
427 756
427 1548
427 1888
428 794
428 1011
428 1528
428 1563
428 1752
429 659
429 689
429 766
429 788
429 883
429 1991
430 960
430 1095
430 1849
431 443
431 1021
431 1061
431 1063
431 1135
431 1389
432 482
432 838
432 906
432 1076
432 1316
433 1274
433 1340
433 1693
433 1969
434 565
434 568
434 610
434 993
434 1809
435 771
435 1325
435 1708
435 1975
436 1313
436 1522
437 442
437 736
437 831
437 999
437 1162
437 1199
437 1249
437 1488
437 1630
437 1645
438 508
439 457
439 621
439 915
439 930
439 1288
439 1354
439 1468
439 1930
439 1986
440 479
440 499
440 862
440 984
440 1348
440 1933
441 535
441 683
441 688
441 719
441 853
441 1174
441 1735
441 1835
441 1938
442 467
442 669
442 1289
443 561
443 819
443 906
443 1328
443 1396
444 766
444 1047
444 1277
444 1604
444 1800
445 1001
446 555
446 562
446 712
446 826
447 671
447 829
447 1252
447 1410
447 1791
447 1828
447 1956
448 644
448 910
448 1013
448 1098
448 1189
448 1297
448 1768
448 1783
448 1886
449 556
449 578
449 609
449 640
449 726
449 735
449 913
449 914
449 1138
449 1184
449 1269
449 1844
449 1865
449 1881
449 1978
450 452
450 621
450 639
450 744
450 814
450 971
450 1385
451 457
451 844
453 1075
453 1077
454 604
454 683
454 975
454 1494
455 545
455 625
455 658
455 678
455 742
455 867
455 888
455 1156
455 1497
455 1732
455 1752
456 761
456 902
456 917
458 501
458 1359
458 1541
459 865
459 1072
459 1419
460 668
460 736
460 764
460 802
460 814
460 960
460 977
460 1008
460 1019
460 1152
460 1552
460 1570
460 1759
461 556
461 746
461 1008
461 1281
461 1332
461 1504
462 540
462 546
462 584
462 731
462 885
462 1189
462 1345
462 1377
462 1728
463 525
463 1210
463 1683
465 548
465 951
465 1317
465 1684
465 1822
466 685
466 718
466 864
466 1460
467 753
467 1057
468 482
468 943
468 1206
468 1240
469 867
469 1067
469 1074
469 1291
469 1312
469 1945
470 1028
472 509
472 534
472 595
472 692
472 699
472 769
472 1081
472 1191
472 1226
472 1989
473 1539
473 1997
474 691
474 697
474 784
474 928
474 1132
474 1407
474 1690
474 1986
475 514
475 1765
476 549
476 613
476 1042
476 1111
476 1181
476 1220
476 1895
477 938
477 1466
477 1860
478 1212
478 1705
479 581
479 723
479 1422
479 1720
479 1793
480 610
481 646
481 996
481 1328
482 994
482 1486
482 1491
483 498
483 708
483 1346
483 1524
484 529
484 824
484 838
484 1135
484 1288
484 1307
484 1481
484 1786
484 1804
485 516
485 630
485 1001
486 535
486 836
486 1235
486 1270
486 1431
486 1576
486 1649
486 1813
487 804
487 1103
487 1405
488 490
488 631
488 1163
488 1721
489 1124
489 1200
489 1804
490 526
490 565
490 893
490 1101
491 796
491 881
491 1292
491 1459
492 601
492 761
492 799
493 700
493 801
493 903
493 1243
493 1606
493 1742
494 845
495 661
495 1051
495 1079
495 1935
496 1396
496 1963
497 1392
497 1444
498 567
498 645
498 803
498 946
498 1140
498 1736
498 1986
499 814
499 1005
499 1064
499 1384
500 833
500 1611
501 942
501 1163
502 616
502 716
502 1245
502 1439
502 1501
503 695
503 1001
503 1045
503 1482
503 1495
504 843
504 1114
504 1303
504 1521
504 1813
505 827
506 621
506 1045
506 1206
506 1375
506 1900
507 676
507 750
507 926
507 1041
507 1102
507 1480
507 1739
507 1795
507 1875
507 1921
507 1937
508 601
508 1719
509 811
509 931
509 1059
509 1290
509 1420
509 1620
509 1964
510 815
510 1834
511 778
511 864
511 998
511 1074
511 1160
511 1251
511 1364
511 1633
511 1676
511 1829
511 1944
512 577
512 1281
512 1447
512 1748
513 660
513 752
513 1038
513 1220
513 1279
513 1749
514 672
515 787
515 1406
517 597
517 628
518 522
518 638
518 663
518 1073
518 1271
518 1306
518 1429
519 614
519 858
519 1497
521 975
521 1492
522 1356
523 829
523 847
523 1707
524 747
524 852
524 1113
524 1136
524 1227
524 1668
525 616
525 623
525 957
525 1066
525 1269
525 1787
525 1789
526 649
526 708
526 1235
526 1362
527 690
527 798
527 862
527 1575
527 1699
529 726
530 538
530 1165
531 741
531 837
531 1256
531 1808
531 1902
532 566
532 796
532 1261
532 1266
532 1298
532 1703
532 1708
532 1754
532 1767
533 855
533 1694
533 1984
534 809
534 1171
534 1938
534 1985
535 654
535 1066
536 558
536 591
536 790
536 813
536 876
536 997
537 564
537 572
537 735
537 989
537 1126
537 1974
538 790
538 948
538 975
538 1026
539 552
539 874
539 932
539 1033
539 1254
539 1431
539 1463
539 1684
539 1915
540 723
540 1536
541 936
541 1521
541 1616
542 1129
542 1154
543 680
543 1529
543 1562
543 1659
543 1903
544 644
544 666
544 681
544 752
544 1298
544 1344
544 1430
544 1794
545 1099
545 1311
545 1965
546 595
546 642
546 685
546 969
546 1273
546 1285
546 1562
546 1631
547 1260
547 1765
548 747
549 1166
549 1686
550 636
550 869
551 672
551 687
551 704
551 1190
551 1569
551 1647
551 1829
552 880
552 1241
552 1636
552 1810
553 690
553 799
553 1252
553 1485
553 1945
554 561
554 1683
554 1765
554 1769
555 649
555 1256
555 1952
556 677
557 733
557 1016
557 1561
558 812
558 858
558 970
558 1532
559 618
559 668
559 1957
560 655
560 657
560 670
560 959
560 1019
560 1135
560 1269
560 1334
561 663
561 803
561 835
561 1187
561 1605
562 627
562 682
562 1370
562 1517
562 1657
563 772
563 1726
564 997
564 1074
564 1260
564 1533
565 713
565 737
565 843
565 1397
566 578
566 709
566 1079
566 1927
567 643
567 837
567 848
567 1090
567 1198
567 1274
567 1388
567 1975
568 572
568 613
568 1299
568 1740
568 1760
568 1974
569 831
569 903
569 929
569 1233
570 587
570 1427
571 719
571 804
571 885
571 939
571 1018
571 1115
571 1232
571 1810
572 839
572 898
572 951
572 965
572 1104
572 1772
574 865
574 1682
574 1843
574 1917
574 1949
575 1588
576 1433
576 1581
576 1934
577 889
577 1360
579 1725
579 1939
581 890
581 899
581 1487
582 745
582 810
582 916
582 980
582 1059
582 1148
582 1203
583 1079
583 1325
583 1415
583 1524
584 718
584 855
584 863
584 927
584 1005
584 1213
584 1858
584 1962
586 786
586 948
586 988
586 1000
586 1015
586 1559
587 921
587 1132
587 1220
587 1743
588 801
588 1079
588 1636
588 1670
589 1210
590 905
590 967
590 1786
591 698
591 777
591 963
591 1153
591 1852
591 1892
592 713
592 790
592 1117
593 1168
593 1320
593 1542
593 1996
594 687
594 846
594 1062
594 1402
594 1511
595 675
595 704
595 1033
595 1120
595 1205
595 1837
596 657
596 955
596 981
596 1263
596 1363
596 1537
596 1945
597 936
598 657
598 1746
598 1949
599 796
599 806
599 1608
600 707
600 887
600 888
600 947
600 1097
600 1435
601 608
601 676
601 695
601 696
601 1273
601 1442
601 1479
601 1570
601 1641
601 1800
601 1834
602 662
602 1125
602 1306
603 709
604 877
604 1209
604 1391
604 1931
605 1119
605 1449
605 1631
605 1805
605 1916
606 614
606 743
606 807
606 1298
606 1494
606 1543
606 1710
607 817
607 971
607 1249
607 1408
607 1712
607 1753
607 1767
608 834
608 1074
608 1558
608 1592
609 618
609 632
609 706
609 1664
609 1755
609 1859
609 1869
609 1883
610 647
610 1809
611 1057
611 1698
612 660
612 693
612 1451
613 717
613 1212
613 1568
613 1908
614 1178
615 674
615 815
615 1622
615 1850
615 1860
616 685
616 787
616 809
616 1132
616 1237
616 1291
616 1299
617 721
617 870
618 698
618 1790
619 1646
620 760
620 1065
620 1228
621 724
621 918
621 1235
621 1562
621 1778
621 1920
622 714
622 1118
622 1226
622 1577
623 661
623 703
623 743
623 746
623 789
623 869
623 1106
623 1711
624 810
624 1481
625 882
626 669
626 695
626 1082
626 1091
626 1381
626 1429
626 1660
626 1948
627 1458
628 695
628 730
628 813
628 1234
629 669
629 881
629 1089
629 1506
629 1511
629 1762
630 1418
631 740
631 1147
631 1754
632 667
632 1139
632 1535
632 1579
632 1952
633 680
633 1041
633 1044
633 1434
633 1597
634 998
634 1958
635 994
635 1675
636 944
636 1023
636 1038
636 1109
636 1257
636 1545
636 1756
637 1441
637 1499
637 1871
638 729
638 742
638 849
638 922
638 1341
638 1390
639 724
639 1125
639 1136
639 1256
639 1290
639 1336
639 1394
640 781
641 1521
642 795
642 811
642 1344
643 834
643 858
643 1061
643 1272
643 1732
643 1785
643 1796
643 1819
644 909
644 916
644 938
644 968
644 1100
644 1502
644 1564
644 1709
644 1767
644 1821
645 992
647 911
647 1092
648 912
648 1068
648 1096
648 1961
649 1317
649 1518
649 1602
649 1716
649 1836
649 1847
650 1625
651 678
651 840
651 1202
651 1362
651 1389
651 1533
653 800
653 1346
654 684
654 742
654 1013
654 1043
654 1318
654 1489
654 1583
654 1602
654 1919
656 741
656 779
656 1105
656 1620
656 1815
657 694
657 870
657 890
657 948
657 1594
657 1605
657 1636
658 898
658 1516
659 1037
659 1123
659 1642
659 1673
659 1926
660 677
660 1357
660 1481
661 689
662 1032
662 1280
663 1002
663 1119
663 1814
664 1514
664 1622
664 1900
665 758
665 759
665 829
665 1586
665 1641
665 1679
666 1503
667 1535
668 721
668 1061
668 1096
668 1803
669 1106
670 1742
671 679
671 687
671 697
671 962
671 976
671 989
671 1000
671 1081
671 1138
671 1247
671 1315
671 1353
671 1557
671 1868
673 1737
674 1020
675 757
675 841
675 902
675 1006
675 1010
675 1141
675 1311
675 1586
675 1840
676 832
676 907
676 1472
677 1048
677 1052
678 972
678 1251
678 1440
678 1897
679 958
680 1356
681 922
681 944
681 1901
682 708
682 995
682 1021
682 1321
683 1871
684 1916
686 869
686 1367
686 1659
687 802
687 856
687 1000
687 1011
687 1053
688 901
688 970
688 1317
689 1578
690 846
690 913
690 1167
690 1221
690 1519
690 1555
692 698
692 1091
693 808
693 919
693 935
693 1196
693 1629
693 1950
697 879
697 978
699 1037
699 1974
700 780
700 1499
700 1935
701 707
702 725
702 1591
702 1846
703 841
703 1674
703 1968
704 1172
704 1832
705 1398
705 1548
706 985
706 1208
706 1513
706 1567
706 1628
707 1293
707 1619
709 799
709 907
709 1678
710 717
710 1324
710 1541
710 1704
710 1757
710 1825
711 806
711 923
711 931
711 1105
711 1208
711 1739
712 796
712 1350
712 1852
713 878
713 950
713 952
713 1013
713 1052
713 1166
713 1635
713 1893
715 1271
716 1270
717 933
717 988
717 1500
718 1258
718 1507
718 1545
718 1861
719 768
720 747
720 1875
721 738
721 843
721 1114
721 1411
721 1417
722 1587
723 1321
724 1961
725 892
725 1103
725 1234
725 1310
726 791
726 1049
726 1081
726 1250
726 1332
726 1434
726 1462
726 1564
726 1717
726 1743
727 1303
727 1352
727 1400
727 1556
727 1685
727 1702
728 920
728 1369
728 1616
728 1826
729 1137
729 1199
730 963
730 1101
730 1735
732 1181
732 1670
732 1953
733 994
733 1259
734 1201
735 1084
735 1215
735 1482
735 1991
736 1107
737 1671
738 782
738 852
738 1151
738 1376
738 1638
739 1385
740 1666
741 1103
741 1560
741 1651
741 1901
742 1930
743 751
743 880
743 937
743 1023
743 1933
744 1225
744 1470
744 1731
745 1568
745 1841
746 1339
746 1761
748 957
748 1229
748 1240
749 1695
750 782
751 754
751 849
751 1744
752 943
752 1194
752 1216
752 1640
752 1785
752 1842
753 1855
754 1325
754 1548
754 1823
756 945
756 1231
756 1549
756 1905
757 788
757 915
757 1127
757 1146
757 1182
757 1184
757 1305
758 1207
758 1223
758 1262
758 1401
758 1490
758 1649
759 1255
759 1375
759 1451
760 810
760 924
760 1008
760 1110
760 1114
760 1759
761 872
761 926
761 1292
761 1334
761 1807
761 1837
762 792
762 1172
762 1393
762 1395
762 1511
762 1693
762 1889
762 1956
763 1029
763 1178
763 1874
764 1262
764 1562
764 1576
764 1714
765 809
765 815
765 1479
765 1603
766 1087
766 1138
766 1144
766 1198
767 1238
768 1058
768 1492
768 1605
768 1967
769 1214
769 1261
770 967
770 1692
770 1975
771 1682
772 791
772 799
772 1058
772 1128
772 1460
773 994
773 1028
773 1193
773 1491
773 1990
774 1792
776 1161
776 1516
777 1032
778 1244
778 1623
778 1789
779 839
779 930
779 1789
779 1959
780 1258
780 1323
780 1359
780 1665
780 1771
780 1998
783 915
783 1268
784 1177
784 1214
784 1461
785 992
785 1218
787 865
789 961
789 1721
789 1742
792 915
793 1314
793 1520
794 965
794 967
795 973
795 1797
795 1909
795 1922
796 823
796 1282
796 1435
796 1702
796 1717
796 1852
798 831
798 1261
798 1391
799 1032
799 1039
800 817
800 1634
800 1735
800 1924
801 1160
802 1403
802 1435
802 1721
803 1373
806 1720
806 1944
807 887
807 1590
807 1731
807 1830
809 940
810 842
810 1007
810 1312
812 941
812 1207
812 1393
813 859
813 1145
813 1662
813 1998
814 1254
814 1372
814 1556
814 1725
815 903
815 1119
815 1143
815 1329
815 1355
815 1398
815 1410
816 1477
818 1381
818 1923
819 1249
819 1403
820 833
820 1080
820 1519
821 860
821 1283
821 1323
821 1393
821 1469
821 1812
823 919
823 920
823 952
823 1140
823 1265
824 857
824 1329
826 930
826 1283
827 1094
827 1847
828 1100
828 1242
829 1500
829 1873
829 1951
829 1954
830 923
832 968
832 1490
833 1075
833 1427
834 1367
834 1417
836 1122
836 1195
836 1624
837 879
837 1435
838 1834
839 1045
839 1450
840 1873
842 1538
843 1103
844 970
844 1034
844 1663
844 1668
845 1380
846 1779
846 1964
847 1151
847 1163
847 1260
847 1437
848 1724
849 1224
849 1288
849 1300
849 1819
849 1901
849 1907
850 1105
851 1058
852 1024
852 1113
852 1421
853 1181
853 1504
854 1040
854 1596
855 889
855 1236
855 1245
855 1876
855 1998
856 1280
856 1302
856 1555
856 1770
857 887
858 881
858 1156
858 1415
858 1425
859 1113
859 1335
859 1451
860 944
860 1292
861 905
861 1630
861 1844
863 907
863 1157
863 1270
863 1351
863 1520
864 949
864 955
864 1587
864 1646
864 1650
864 1972
865 1205
868 1006
868 1297
868 1478
869 1717
869 1721
870 920
870 1416
870 1809
871 986
871 1029
872 1009
872 1115
872 1365
872 1985
873 936
873 1081
873 1730
874 1024
874 1037
874 1065
874 1302
875 914
876 1377
877 1350
878 1134
878 1244
878 1491
878 1766
880 978
880 982
882 893
882 1546
882 1640
883 948
883 1127
883 1208
883 1378
883 1404
883 1424
883 1652
883 1871
884 1146
885 895
885 1136
886 1015
886 1566
886 1868
886 1872
887 1366
887 1738
888 898
888 1010
888 1031
888 1032
888 1436
888 1924
889 1495
891 1187
893 1381
893 1750
894 1531
895 1601
895 1964
896 991
896 1889
897 1050
897 1537
897 1549
897 1821
898 984
898 1136
898 1408
899 1009
899 1887
900 1073
900 1237
900 1469
900 1670
901 1095
901 1611
901 1941
902 1043
902 1280
903 1818
903 1830
904 1729
906 1007
906 1200
906 1379
906 1802
907 1626
907 1706
907 1739
909 985
909 1125
909 1689
909 1858
910 919
910 1681
914 1530
914 1857
915 1787
919 1077
919 1396
919 1632
919 1984
920 1681
922 1559
923 1346
924 986
924 1698
927 1015
927 1616
927 1743
928 929
928 1263
928 1345
928 1510
928 1939
928 1992
929 1432
930 1186
930 1225
930 1277
930 1581
931 1890
933 1161
933 1174
933 1826
934 991
934 1094
934 1240
935 961
936 958
936 1776
937 1816
938 1046
939 951
939 1259
939 1542
940 1661
940 1767
940 1923
941 1428
942 1097
942 1962
944 1002
944 1467
944 1727
945 1217
945 1496
945 1714
946 1665
947 1060
947 1321
947 1347
947 1401
948 1171
948 1674
949 1230
949 1313
950 1469
951 1012
951 1697
952 1396
952 1419
954 1979
955 1042
955 1477
955 1551
955 1811
956 1538
956 1597
956 1868
956 1941
957 1037
958 1016
958 1222
960 1368
960 1455
960 1817
961 1234
961 1242
961 1253
961 1326
961 1639
962 1153
962 1294
962 1402
962 1610
962 1700
962 1701
962 1815
963 1020
964 1084
964 1228
964 1759
965 1470
966 1517
966 1953
968 1662
969 1179
969 1199
969 1673
969 1959
971 1732
971 1778
971 1951
972 1333
972 1928
973 1537
975 1633
976 1151
977 1024
977 1058
977 1084
977 1121
977 1812
977 1948
978 1356
978 1417
981 1144
981 1220
981 1267
981 1473
981 1833
982 1126
982 1336
982 1498
982 1965
983 992
983 1108
983 1124
983 1265
983 1331
983 1853
983 1997
984 1897
985 1140
985 1390
985 1808
988 1023
990 1092
990 1685
991 1548
991 1575
991 1928
994 1379
994 1389
995 1099
995 1426
996 1145
996 1363
998 1153
998 1939
999 1205
999 1216
1000 1445
1002 1153
1003 1051
1005 1740
1006 1343
1006 1593
1008 1394
1008 1828
1009 1193
1009 1661
1009 1900
1010 1165
1011 1018
1011 1302
1011 1708
1013 1565
1014 1284
1014 1378
1014 1632
1014 1722
1017 1185
1018 1204
1018 1445
1018 1580
1019 1596
1019 1907
1020 1565
1021 1164
1021 1332
1022 1943
1024 1599
1025 1316
1027 1692
1027 1964
1029 1456
1029 1513
1029 1863
1029 1912
1030 1064
1030 1186
1030 1332
1030 1446
1030 1815
1031 1707
1032 1123
1032 1284
1032 1456
1032 1573
1032 1761
1032 1948
1033 1386
1033 1677
1033 1912
1034 1669
1034 1854
1037 1182
1037 1465
1038 1738
1039 1804
1041 1179
1041 1947
1042 1867
1043 1210
1043 1319
1044 1078
1044 1443
1044 1526
1045 1615
1045 1881
1046 1440
1046 1685
1047 1951
1048 1483
1048 1632
1049 1933
1050 1643
1050 1846
1051 1060
1052 1097
1052 1992
1053 1142
1053 1328
1053 1421
1053 1537
1053 1835
1054 1278
1056 1197
1057 1188
1057 1439
1058 1972
1058 1976
1059 1083
1059 1188
1059 1407
1061 1279
1062 1669
1062 1883
1063 1173
1063 1382
1063 1645
1064 1327
1065 1450
1066 1295
1067 1248
1068 1676
1068 1761
1070 1319
1070 1772
1070 1823
1072 1431
1072 1613
1072 1994
1074 1215
1077 1186
1077 1430
1078 1812
1078 1855
1080 1577
1083 1098
1083 1981
1084 1753
1085 1131
1087 1840
1088 1215
1088 1515
1089 1210
1089 1512
1090 1931
1091 1416
1092 1679
1092 1786
1094 1745
1095 1208
1095 1333
1095 1516
1096 1515
1097 1783
1098 1201
1098 1704
1099 1549
1099 1907
1099 1952
1101 1355
1104 1289
1104 1382
1104 1963
1105 1353
1106 1127
1106 1742
1107 1378
1107 1466
1107 1976
1108 1954
1109 1798
1109 1950
1110 1716
1110 1894
1112 1433
1112 1970
1113 1340
1113 1361
1113 1484
1113 1788
1114 1719
1115 1285
1115 1540
1116 1763
1116 1963
1118 1253
1119 1509
1121 1808
1122 1980
1123 1355
1123 1465
1123 1730
1123 1973
1124 1508
1124 1910
1125 1923
1125 1967
1127 1361
1128 1903
1130 1193
1136 1430
1137 1364
1137 1512
1137 1983
1138 1311
1138 1568
1139 1179
1139 1574
1139 1723
1141 1349
1141 1799
1142 1438
1142 1702
1142 1849
1145 1267
1145 1348
1145 1610
1145 1966
1147 1399
1147 1724
1147 1925
1150 1339
1151 1437
1151 1659
1153 1598
1153 1881
1154 1176
1154 1207
1154 1664
1154 1919
1155 1610
1155 1750
1155 1772
1157 1853
1158 1863
1158 1980
1159 1274
1159 1747
1159 1988
1161 1590
1163 1194
1165 1560
1166 1532
1166 1738
1166 1810
1167 1368
1170 1219
1170 1448
1171 1525
1173 1192
1173 1218
1173 1291
1173 1506
1173 1689
1174 1198
1174 1273
1174 1737
1177 1376
1177 1888
1179 1517
1181 1347
1183 1484
1184 1463
1188 1213
1189 1293
1190 1489
1190 1757
1192 1217
1192 1445
1194 1931
1195 1224
1195 1842
1198 1429
1200 1459
1201 1744
1202 1499
1203 1681
1206 1508
1207 1214
1208 1773
1209 1417
1209 1486
1210 1330
1210 1574
1212 1457
1212 1559
1212 1619
1213 1304
1213 1351
1213 1352
1213 1534
1213 1904
1215 1449
1218 1903
1219 1583
1220 1657
1222 1247
1223 1547
1223 1811
1223 1822
1224 1280
1226 1816
1227 1751
1228 1248
1228 1256
1229 1308
1229 1347
1233 1696
1235 1718
1236 1320
1236 1373
1236 1482
1238 1239
1238 1917
1238 1980
1239 1480
1240 1411
1240 1479
1241 1326
1241 1342
1242 1442
1242 1524
1242 1774
1242 1820
1244 1440
1244 1465
1244 1580
1246 1591
1246 1592
1247 1368
1247 1475
1248 1309
1248 1341
1248 1940
1249 1420
1249 1932
1249 1953
1251 1337
1252 1899
1253 1338
1258 1828
1261 1589
1261 1622
1261 1772
1261 1824
1262 1878
1263 1600
1264 1329
1266 1372
1266 1380
1267 1414
1268 1783
1269 1803
1272 1498
1272 1885
1272 1889
1273 1818
1277 1589
1277 1625
1279 1425
1281 1701
1282 1342
1282 1634
1285 1842
1285 1877
1286 1331
1286 1660
1286 1889
1287 1349
1287 1612
1287 1982
1290 1994
1291 1807
1291 1882
1291 1976
1292 1301
1292 1639
1292 1831
1292 1979
1294 1303
1295 1453
1297 1517
1297 1564
1297 1623
1298 1847
1298 1910
1301 1524
1302 1792
1304 1423
1304 1555
1304 1558
1305 1802
1306 1925
1307 1625
1307 1785
1307 1898
1309 1330
1310 1811
1311 1854
1314 1958
1315 1902
1315 1958
1316 1395
1319 1410
1319 1414
1319 1573
1319 1896
1320 1861
1321 1930
1322 1324
1322 1628
1322 1691
1324 1883
1326 1593
1327 1882
1328 1884
1331 1561
1332 1385
1332 1550
1334 1350
1338 1394
1339 1498
1339 1621
1340 1609
1342 1840
1343 1391
1343 1829
1344 1823
1345 1406
1346 1576
1347 1585
1350 1696
1351 1464
1352 1628
1353 1370
1354 1781
1356 1554
1357 1367
1362 1691
1362 1935
1363 1837
1363 1991
1368 1590
1370 1578
1372 1495
1372 1795
1372 1873
1372 1954
1373 1450
1376 1595
1376 1949
1377 1558
1378 1554
1378 1888
1379 1704
1381 1623
1381 1746
1382 1464
1382 1487
1383 1522
1384 1448
1384 1458
1384 1598
1384 1801
1384 1969
1387 1715
1387 1963
1393 1737
1394 1540
1394 1854
1396 1427
1396 1572
1398 1466
1403 1630
1403 1684
1405 1863
1407 1656
1408 1492
1410 1527
1414 1948
1415 1572
1415 1779
1420 1449
1422 1430
1422 1634
1422 1953
1424 1896
1427 1448
1429 1800
1430 1764
1431 1830
1437 1588
1437 1845
1439 1720
1440 1543
1444 1769
1446 1749
1448 1516
1453 1720
1453 1926
1455 1705
1456 1490
1457 1463
1457 1626
1457 1775
1457 1798
1461 1649
1462 1539
1462 1583
1464 1627
1464 1866
1465 1515
1468 1848
1469 1784
1470 1893
1472 1642
1472 1836
1473 1687
1473 1784
1475 1708
1477 1817
1478 1873
1479 1780
1479 1892
1480 1878
1485 1771
1485 1880
1485 1900
1488 1544
1488 1697
1489 1594
1489 1848
1489 1887
1489 1943
1489 1989
1490 1687
1490 1695
1491 1758
1491 1965
1492 1655
1493 1617
1494 1626
1497 1519
1499 1601
1500 1871
1502 1574
1503 1643
1504 1774
1508 1779
1510 1728
1511 1680
1512 1710
1513 1563
1515 1768
1516 1595
1518 1561
1519 1599
1519 1820
1527 1861
1528 1551
1529 1776
1530 1805
1530 1845
1530 1862
1532 1602
1532 1968
1533 1927
1533 1945
1534 1637
1537 1716
1537 1768
1537 1823
1539 1843
1541 1587
1542 1924
1544 1797
1549 1752
1554 1756
1555 1642
1555 1804
1557 1971
1558 1937
1559 1579
1561 1709
1564 1818
1566 1863
1568 1614
1570 1613
1570 1928
1571 1614
1571 1933
1572 1856
1573 1629
1573 1764
1575 1732
1576 1795
1577 1741
1578 1727
1580 1644
1580 1654
1581 1848
1584 1766
1586 1987
1588 1639
1588 1811
1593 1835
1594 1715
1598 1600
1599 1680
1602 1769
1606 1663
1607 1769
1607 1825
1613 1820
1613 1835
1613 1850
1617 1843
1618 1661
1620 1741
1620 1996
1621 1857
1621 1893
1622 1788
1623 1849
1627 1793
1627 1894
1628 1705
1629 1645
1631 1864
1632 1707
1632 1917
1632 1999
1633 1729
1642 1824
1643 1789
1650 1942
1660 1690
1660 1787
1664 1760
1666 1828
1670 1827
1672 1878
1673 1718
1674 1739
1677 1713
1679 1728
1684 1919
1694 1755
1695 1821
1697 1961
1699 1942
1701 1987
1703 1839
1708 1726
1712 1842
1716 1940
1719 1904
1720 1960
1720 1982
1721 1920
1724 1867
1725 1782
1726 1870
1728 1803
1729 1799
1743 1928
1744 1899
1745 1851
1748 1906
1751 1839
1752 1996
1753 1874
1755 1914
1757 1777
1761 1949
1762 1777
1763 1961
1769 1822
1780 1955
1788 1926
1789 1832
1789 1890
1790 1957
1795 1977
1802 1813
1804 1827
1804 1969
1806 1875
1807 1909
1809 1999
1816 1918
1819 1847
1826 1895
1836 1866
1836 1872
1838 1944
1841 1922
1846 1905
1849 1947
1849 1997
1850 1910
1854 1857
1873 1906
1873 1916
1873 1942
1879 1954
1882 1966
1884 1940
1901 1937
1907 1993
1910 1913
1915 1916
1945 1946
1963 1987
1989 1997
