3552 0
3552 3421
3552 3674
0 3585
0 3586
0 3636
3585 3328
3586 3328
3636 3524
3636 3635
3582 1
3582 3342
3582 3624
4929 2
4929 4930
4929 4936
87 3
87 54
87 86
87 89
87 171
87 177
87 194
87 197
12 4
12 11
12 13
12 14
12 82
4 119
119 50
7 5
7 6
7 8
8 9
8 60
8 74
8 204
8 207
9 49
60 187
60 208
74 47
204 49
204 97
204 114
204 137
204 187
204 206
207 124
49 138
93 10
93 25
93 42
93 91
93 92
93 94
93 130
10 124
124 97
13 15
13 16
13 28
13 146
82 217
82 220
28 129
28 159
146 53
18 17
18 19
18 129
17 189
189 102
19 198
198 79
198 178
198 200
50 20
50 193
20 175
175 165
4444 21
4444 2561
4444 4447
4445 22
4445 83
4445 90
4445 474
4445 492
4445 4460
52 23
52 230
23 4460
4460 83
4460 131
4460 2561
4460 4459
57 24
57 40
57 58
57 166
24 135
135 145
25 130
25 138
25 202
130 138
138 137
138 139
160 26
160 195
26 165
97 27
97 41
97 56
97 73
97 81
97 99
97 134
122 29
122 91
122 100
122 121
122 139
29 139
139 101
139 137
139 140
139 185
61 30
61 153
30 103
103 173
103 221
154 31
154 153
31 173
173 91
173 188
33 32
33 34
33 96
34 35
34 68
34 140
34 141
96 39
35 36
35 37
35 38
35 46
35 156
68 65
68 67
68 69
68 1029
68 1051
68 2343
140 141
46 43
46 44
46 45
46 170
156 152
156 153
156 192
39 201
201 142
41 40
41 180
40 166
40 217
40 231
217 216
231 123
180 149
42 162
162 161
162 163
162 190
45 183
183 79
183 104
183 181
183 182
183 199
183 996
170 94
170 169
47 100
47 105
100 209
105 185
4447 48
4447 84
4447 520
4447 2561
4447 4446
4447 4457
193 123
193 144
110 51
110 147
110 191
110 203
51 118
51 171
118 55
118 147
118 174
230 72
108 53
108 77
54 106
106 177
55 148
55 151
55 174
55 197
148 197
151 197
197 199
197 200
56 2561
2561 80
2561 132
2561 4128
58 59
59 153
153 152
153 158
153 172
67 62
67 63
67 64
67 978
67 4892
69 66
69 107
978 979
978 1035
4892 4870
4892 4890
4892 4891
4892 4893
1029 104
1029 952
1029 962
1029 1028
1029 1032
1029 1037
1029 1038
1029 1039
1029 4893
1051 952
1051 1031
1051 1049
1051 1057
2343 2342
107 115
107 206
107 4119
85 70
85 75
85 109
70 223
223 136
223 218
72 71
72 90
71 111
71 214
111 112
111 214
214 213
90 495
76 75
76 169
76 190
75 109
75 184
184 186
169 167
169 168
190 149
78 77
78 79
79 988
988 986
988 996
81 80
220 219
220 224
150 84
150 142
86 88
177 176
194 203
495 483
495 494
495 498
94 128
128 112
128 125
128 126
128 127
128 206
128 234
128 4111
143 95
143 191
95 147
99 98
134 235
98 4458
4458 4457
209 210
209 211
209 212
144 102
144 195
102 152
152 123
152 145
152 155
152 157
221 133
104 1054
1054 960
1054 980
115 116
115 117
115 206
115 521
206 205
4119 521
4119 4118
4119 4163
4119 4178
191 192
112 3769
3769 3768
3769 3781
114 113
521 520
521 569
121 120
123 172
4111 4110
4111 4212
133 235
235 236
222 136
222 226
136 228
228 167
228 225
137 142
137 149
137 4881
142 233
4881 4851
233 232
155 188
161 164
168 186
168 226
186 227
186 229
176 178
176 179
178 205
996 965
996 1005
996 1056
227 215
229 225
200 196
213 498
224 215
251 237
251 250
251 252
251 288
251 321
251 375
237 317
237 4422
317 316
317 335
239 238
239 315
239 326
239 336
238 332
238 353
332 331
353 352
353 4425
315 284
315 298
315 302
315 305
315 314
315 336
326 327
326 378
336 252
336 335
241 240
241 283
241 362
241 363
241 364
241 365
240 350
350 275
350 286
350 351
283 253
283 281
283 282
283 284
283 295
283 304
283 365
364 295
341 242
341 276
341 342
341 354
242 354
354 331
354 352
354 355
334 243
334 277
334 297
334 372
243 360
360 358
360 361
246 244
246 245
246 329
245 256
245 297
245 370
245 377
256 258
256 309
256 359
256 367
256 380
297 277
297 292
297 298
297 342
370 377
377 277
377 374
329 328
329 356
249 247
249 248
248 279
248 304
248 311
248 312
248 359
279 278
279 304
279 311
279 312
279 359
304 303
304 305
304 312
311 312
312 278
312 281
312 294
312 301
359 380
250 288
250 318
250 366
250 369
318 319
318 321
318 369
366 369
252 4361
4361 4362
254 253
254 284
254 298
253 328
284 305
284 1177
298 257
298 361
258 255
309 310
309 367
257 305
257 310
310 343
310 344
260 259
260 261
260 266
260 333
259 286
259 349
259 368
259 381
349 265
349 348
349 368
261 343
261 344
266 265
333 263
333 280
333 351
320 262
320 319
320 4340
262 4414
4414 4377
4414 4385
280 263
307 264
307 296
307 322
307 339
268 267
268 345
268 361
345 340
361 273
361 291
273 269
273 270
273 271
273 272
273 274
273 324
271 371
324 291
324 323
285 275
313 276
313 314
313 325
278 281
278 294
278 301
281 294
281 301
294 295
294 301
301 300
1177 1176
1177 1339
289 287
289 335
289 4434
335 337
4434 4420
4434 4431
4434 4433
4434 4435
291 290
299 293
299 296
296 339
339 330
339 340
306 302
352 308
352 331
352 373
352 4424
308 357
308 4430
4430 4432
314 355
325 4427
316 1118
1118 1064
1118 1117
1118 1175
1118 1428
1118 4436
4340 4373
4340 4375
356 376
330 379
351 346
351 347
337 338
4425 4429
383 382
383 392
383 425
383 446
382 428
382 444
382 453
382 454
382 461
428 445
428 469
444 385
453 454
453 469
454 458
461 412
392 394
392 395
392 446
392 2222
425 419
425 424
425 426
425 446
425 3986
385 384
385 386
385 445
385 2306
385 4940
2306 2329
4940 394
4940 450
429 387
429 415
429 422
429 440
429 468
436 388
436 407
388 2281
2281 2211
2281 2256
2281 2263
2281 2280
2281 2282
2281 2283
2281 2301
2281 2303
2281 2371
2281 2374
390 389
390 391
390 393
390 408
390 422
391 401
391 405
391 424
391 435
393 441
393 456
408 430
401 400
401 402
401 410
401 434
401 435
401 438
405 404
424 413
424 423
435 431
394 418
394 2212
394 2392
395 396
395 397
395 398
395 399
395 419
395 2230
395 2282
2222 2220
2222 2221
2222 2228
2222 2234
2222 2382
441 440
441 465
456 404
456 459
418 420
418 455
2212 2206
2212 2211
2392 2320
2392 2391
2392 2393
419 420
419 2282
2230 2316
2230 2346
2230 2356
2282 2283
410 409
410 1215
434 433
434 460
434 1296
438 421
438 437
404 403
404 430
404 459
430 431
430 432
430 471
407 406
407 450
407 455
450 452
455 464
1215 1214
1215 1511
472 411
472 437
411 1247
1247 1912
413 412
412 414
412 451
412 458
412 463
412 467
451 427
458 427
463 442
463 468
467 442
467 449
416 415
415 443
415 449
415 468
443 423
420 417
421 1423
421 1783
1423 1325
1423 1923
423 442
426 1124
3986 3984
1124 1475
440 439
471 437
471 470
460 457
1296 1251
1296 1295
448 447
448 464
448 466
466 462
452 462
480 473
480 478
480 490
480 4110
473 4172
4172 4110
4172 4148
4112 474
4112 4113
476 475
476 479
476 483
479 478
479 492
483 482
483 484
483 492
478 477
477 491
477 497
491 492
491 496
497 484
490 486
4110 4200
4110 4220
4110 4267
484 481
484 485
484 488
484 496
481 488
481 493
481 494
493 485
482 3768
3768 691
1182 487
1182 1466
487 1200
1200 1169
1200 1174
1200 1308
2425 489
2425 2484
2425 2654
489 2541
489 2542
489 2547
489 2679
489 2798
489 2831
489 2833
489 2834
489 2835
489 2948
2541 2532
2541 2727
2541 2764
2541 2833
2541 2834
2541 2835
2541 2951
2541 2996
2541 3067
2541 3111
2541 3173
2541 3206
2542 2463
2542 2485
2542 2527
2542 2831
2542 4218
2547 2484
2547 2536
2547 2545
2547 2546
2547 2846
2547 2847
2547 2957
2547 3054
2679 2678
2679 2983
2798 2663
2798 2664
2798 2799
2798 2945
2798 2946
2831 2832
2833 2828
2834 2829
2835 2830
2948 2949
500 499
500 548
500 569
500 572
548 547
569 532
569 568
569 4163
572 531
503 501
503 502
503 522
503 555
503 563
522 523
522 524
522 531
555 531
555 562
563 531
563 1480
563 1481
563 4210
547 504
547 531
547 546
547 550
547 551
547 567
504 550
550 510
550 537
550 549
538 505
538 506
538 539
538 540
538 541
538 542
538 543
505 545
505 564
545 506
545 552
545 553
545 557
545 558
564 507
564 542
506 565
565 507
565 543
544 508
544 542
544 543
508 570
508 571
560 509
560 542
560 543
560 559
511 510
510 512
510 533
510 537
510 549
533 537
533 549
549 541
4457 513
4457 520
4457 568
4457 828
4457 836
4457 855
4457 2439
4457 4118
4457 4443
4457 4453
4457 4454
4457 4456
4457 4462
4457 4463
4457 4464
4457 4465
518 514
518 519
519 515
519 516
519 517
519 2311
517 3981
3981 4034
3981 4066
2311 2234
2311 2363
2311 4836
520 827
520 831
827 826
827 836
831 830
523 527
524 529
531 525
531 532
531 567
527 528
527 529
529 530
526 525
525 4144
4144 4145
567 566
535 534
535 536
535 556
534 558
534 573
556 557
556 562
539 568
540 568
552 554
553 554
557 561
546 554
554 551
562 561
4210 4114
4210 4132
4210 4186
4163 4162
4163 4173
4163 4178
4163 4206
4163 4218
656 574
656 596
656 603
656 608
656 657
656 695
574 658
574 659
574 729
581 575
581 582
581 583
581 611
581 644
575 624
575 639
639 611
639 640
577 576
577 593
577 609
593 588
593 594
593 595
593 627
593 704
609 606
609 608
609 721
663 578
663 662
578 701
701 674
701 680
701 699
701 700
701 733
719 579
719 676
719 715
719 718
719 724
719 726
579 724
724 615
724 633
724 638
724 649
724 652
724 676
724 723
724 725
584 580
584 583
584 613
580 625
625 618
583 651
583 666
583 671
583 679
611 612
611 699
644 645
644 703
651 652
651 679
651 725
666 667
666 679
666 725
671 670
671 672
671 673
679 680
679 681
679 682
679 692
679 725
613 612
613 618
613 635
613 675
586 585
586 617
586 623
586 668
586 678
586 702
617 616
617 667
623 622
623 654
623 667
623 707
668 654
678 677
678 680
596 587
596 591
596 597
596 598
596 599
596 600
596 601
596 619
589 588
588 590
588 691
691 665
691 693
691 725
691 737
592 591
591 629
629 628
629 695
627 626
627 657
603 602
603 604
603 605
603 690
604 657
604 665
690 661
690 689
657 641
657 655
657 711
657 737
665 664
608 607
608 610
608 661
661 660
721 711
721 720
721 722
635 634
635 647
675 674
615 614
615 638
638 631
638 637
638 652
638 680
638 684
667 631
667 717
621 620
621 652
621 735
652 650
652 684
735 733
735 734
654 653
654 688
707 680
695 696
631 630
631 633
631 688
631 717
633 632
688 687
688 731
717 716
647 643
647 646
670 636
670 712
636 708
636 712
636 727
708 705
708 709
712 703
712 713
727 697
727 728
680 684
680 686
684 683
643 642
643 686
686 685
703 669
649 648
725 693
725 3780
711 710
737 736
731 730
693 694
698 697
733 732
706 705
715 714
3780 3778
3780 3779
3780 3784
3780 3797
3780 3800
3780 3869
739 738
739 747
739 749
739 756
739 814
738 748
738 762
748 751
748 804
762 776
762 813
762 814
747 749
747 750
747 774
747 804
749 752
749 756
749 775
756 754
756 755
756 757
756 790
814 743
814 815
743 740
743 742
743 745
743 801
743 1229
742 741
742 744
742 759
742 776
742 803
741 758
741 761
741 778
758 759
758 761
758 777
761 760
761 777
761 779
761 788
778 788
778 794
759 813
776 2416
803 793
803 794
803 1401
801 2206
1229 799
1229 1230
1229 1401
779 746
779 780
779 782
779 783
779 788
779 798
779 802
751 2412
752 2413
775 785
775 4927
2412 2413
2413 2265
2413 2278
2413 4694
763 753
763 773
763 819
753 782
753 802
782 790
782 799
802 765
802 781
802 786
802 790
802 806
802 820
755 786
786 790
757 811
757 812
757 822
757 823
811 1226
812 1227
822 771
823 771
777 813
788 787
773 780
773 816
819 818
765 764
770 766
770 769
770 771
770 772
770 785
771 767
771 768
769 784
769 796
784 785
816 817
4927 4926
4927 4928
2416 789
794 795
794 807
798 797
781 4933
4933 4931
4933 4932
799 800
799 1256
2303 789
2303 2353
792 791
792 793
792 810
792 1213
810 809
810 821
810 1123
1213 1773
807 808
1256 1257
1256 1291
1256 1352
1256 1401
1256 1991
806 805
808 821
821 1123
1123 1575
1123 2020
1226 1230
1227 1230
817 818
818 4939
4939 4938
825 824
825 828
825 4461
824 843
843 845
843 864
828 833
828 835
4461 4443
4461 4448
4461 4449
826 844
826 857
826 876
844 876
844 902
857 884
836 852
836 870
836 871
833 832
835 834
4443 829
830 854
830 866
830 867
830 868
830 894
830 902
830 903
830 904
830 905
830 909
830 918
830 919
830 931
854 848
854 853
854 855
854 859
868 894
868 898
894 875
894 895
894 896
832 853
832 861
832 865
832 873
832 890
853 849
853 850
853 858
853 860
853 862
853 863
853 890
861 842
873 884
873 896
873 900
890 880
834 891
834 895
891 877
891 895
852 837
852 851
870 884
870 927
871 928
838 837
838 839
839 2350
2350 2363
841 840
841 4178
4178 4176
4178 4177
860 842
842 862
842 4456
845 846
845 859
845 869
845 879
845 883
845 893
845 899
845 911
864 851
846 847
846 910
859 858
879 899
883 882
893 875
893 892
899 851
911 916
911 917
847 878
847 885
847 886
847 887
847 888
848 906
848 907
848 908
849 897
851 872
851 901
872 929
901 856
901 889
901 927
901 928
901 930
858 863
858 880
858 882
863 882
863 920
881 856
881 882
881 930
856 892
892 874
884 927
880 874
920 925
920 926
898 929
927 877
927 900
927 928
928 877
928 889
929 877
875 874
874 877
916 912
916 913
917 914
917 915
925 921
925 922
926 923
926 924
1013 932
1013 940
1013 1004
932 1052
934 933
934 968
933 935
933 968
935 940
968 994
968 1020
940 941
940 993
937 936
936 953
936 1009
936 1049
953 972
953 1049
1009 974
1009 985
1009 1010
1009 1055
1049 955
1049 983
1049 1018
1049 1021
1049 1022
1049 1023
1049 1050
939 938
939 1015
939 1035
939 1050
938 955
938 960
938 983
955 956
955 1014
983 984
1015 1014
1015 1016
941 945
941 958
993 989
993 998
945 946
958 957
958 1005
943 942
943 944
943 994
943 1027
942 1002
942 1004
942 1027
1002 1044
1004 977
1004 1001
1004 1005
1004 1006
1004 1007
1004 1008
1004 1025
1004 1036
1004 1048
1027 994
1027 1003
944 1005
944 1057
1005 967
1005 1056
948 947
948 950
948 961
948 1042
947 949
947 963
947 1046
947 1047
949 950
949 969
949 1033
963 1024
1046 976
1046 991
1047 975
950 970
950 977
950 999
961 992
1042 1025
969 970
969 995
1033 975
1033 997
1033 1034
970 1025
970 1036
999 1025
952 951
952 982
952 1010
951 974
951 1022
951 1023
951 1055
974 1053
1022 973
1022 1058
1023 973
1023 1058
1055 1040
982 954
1010 990
972 964
972 971
972 1020
1014 980
957 992
957 1048
992 991
992 1048
1048 1034
964 959
964 965
964 1020
959 986
986 987
990 962
990 1053
962 1012
1012 1011
1024 1025
1020 1003
1020 1019
967 966
967 1056
966 1025
1025 1026
1025 1044
995 1000
973 1030
1030 1018
1030 1031
1030 1045
991 976
991 997
979 4854
4854 4850
981 980
985 1011
985 1043
1011 1043
1043 1040
1000 1001
1018 1017
1018 1045
1017 1021
1021 1045
1021 1058
1045 1058
1032 4901
4901 4878
4901 4900
1041 1040
1060 1059
1060 1443
1059 1061
1059 1541
1059 2001
1059 2034
1061 1443
1541 1643
1541 1937
2001 1615
2034 1643
1443 1360
1443 1444
1064 1062
1064 1090
1062 1159
1062 1330
1062 1624
1062 1808
1159 1955
1159 2091
1330 1633
1624 2003
1808 1627
1175 1063
1175 1503
1090 1085
1090 1087
1090 1089
1090 1091
1090 1165
1090 1352
1090 1428
1090 1503
1090 1524
1851 1065
1851 1399
1065 1900
1065 2068
1900 1899
2068 1427
1067 1066
1067 1418
1066 1417
1066 1968
1417 1418
1417 1454
1417 1827
1968 1114
1968 1969
1418 1409
1418 1452
1418 1453
1418 1534
1418 1922
1418 1962
1069 1068
1069 1268
1069 1370
1068 1195
1068 1196
1068 1299
1068 1496
1068 1497
1068 1565
1195 1196
1196 1153
1299 1285
1299 1300
1299 1806
1496 1471
1497 1409
1565 1566
1565 1567
1268 1267
1268 1372
1370 1361
1370 1369
1370 1402
1370 1444
1370 1537
1370 1538
1552 1070
1552 1545
1070 1614
1070 2027
1614 1658
2027 2059
1072 1071
1072 1191
1072 1312
1071 1190
1071 1207
1071 1279
1071 1313
1071 1468
1071 1553
1190 1189
1190 1191
1190 1245
1190 1406
1207 1440
1207 1793
1279 1280
1279 1522
1279 1785
1313 1314
1313 1911
1468 1186
1553 1652
1553 1669
1553 1719
1553 1739
1553 1838
1553 1889
1553 1956
1553 2141
1191 1329
1312 1077
1312 1122
1312 1266
1312 1280
1312 1372
1312 1442
1075 1073
1075 1074
1073 1158
1073 1505
1158 1157
1158 1165
1158 1169
1158 1321
1158 1415
1158 1505
1505 1333
1505 1379
1505 1506
1505 1511
1505 1513
1505 1817
1505 2201
1074 1216
1074 1904
1216 1424
1904 1157
1223 1076
1223 1081
1223 1083
1223 1224
1223 1261
1223 1431
1223 1593
1223 1646
1223 1726
1223 1745
1223 1798
1223 2193
1078 1077
1077 1243
1077 1305
1077 1458
1243 1166
1243 1266
1243 1305
1243 1364
1243 1506
1305 1293
1305 1304
1305 1432
1458 1110
1458 1122
1458 1266
1458 1326
1333 1079
1333 1098
1333 1236
1333 1332
1333 1368
1333 1390
1333 1395
1333 1437
1333 1501
1333 1514
1079 1558
1558 1528
1153 1080
1080 1559
1080 1941
1559 1780
1941 1129
1081 1509
1081 1727
1081 1749
1509 1508
1509 1979
1727 1570
1294 1082
1082 1445
1082 1502
1445 1088
1445 1094
1445 1310
1445 1446
1445 2076
1097 1083
1097 1098
1097 1192
1097 1489
1097 1676
1097 1712
1097 1730
1097 1913
1085 1084
1085 1087
1085 1096
1084 1086
1084 1350
1084 1366
1084 1419
1084 1477
1086 1087
1086 1089
1086 1219
1086 1222
1086 1623
1350 2016
1366 1387
1366 1399
1366 1623
1419 1250
1477 1228
1477 1388
1477 1476
1477 2049
1477 2085
1087 1400
1096 1095
1096 1342
1096 1378
1089 1107
1089 1164
1089 1495
1089 1629
1089 1958
1089 2016
1219 1250
1222 1523
1400 1127
1400 1399
1310 1088
1310 1311
1310 2035
1310 2190
1310 2191
1088 1555
1555 1103
1107 1239
1107 1495
1164 1165
1164 1776
1164 1852
1164 2014
1495 2009
1629 1728
1958 1787
2016 2017
1091 1487
1165 1146
1165 1166
1165 1167
1165 1412
1165 1437
1165 1524
1165 1645
1352 1127
1352 1288
1352 1353
1352 1378
1352 1858
1428 1427
1524 1523
1487 1203
1487 1230
1487 1257
1093 1092
1093 1176
1093 1446
1092 1094
1092 2095
1092 2134
1094 1385
1094 2070
1094 2090
1094 2158
2095 1385
2095 2134
2095 2189
1176 1264
1176 1386
1446 1311
1446 1346
1446 2194
1385 1386
1385 2158
2070 2164
2070 2165
2090 2189
2158 2168
2158 2169
1095 1284
1095 2108
1284 2140
2108 2103
1342 1251
1342 1341
1378 1377
1192 1527
1489 1365
1676 1332
1676 1675
1712 1842
1712 2193
1730 1693
1913 1823
1100 1099
1100 1276
1100 2138
1099 1275
1099 1529
1099 2061
1099 2175
1099 2178
1275 1276
1275 1277
1275 1351
1275 1465
1275 1488
1529 1150
1529 1355
1529 1472
1529 1530
1529 1532
1529 1535
1529 2075
1529 2172
2061 1907
2175 1535
2178 1488
1276 2202
2138 1308
2138 1356
2138 1488
1102 1101
1102 1142
1102 1441
1101 1225
1101 1337
1101 1421
1101 1572
1225 1128
1225 1708
1337 1322
1337 1830
1421 1375
1421 1405
1421 1420
1421 1422
1572 1573
1572 2052
1142 1105
1142 1433
1142 1621
1441 1184
1441 1440
1441 1442
1441 1536
1441 1547
1441 1986
1459 1103
1459 1460
1459 2071
1459 2073
1459 2080
1459 2094
1459 2104
1459 2107
1459 2122
1459 2143
1103 1716
1103 1752
1103 2060
1103 2120
1716 2135
1752 1864
2060 2106
2120 2136
1105 1104
1105 1106
1105 1135
1105 1179
1105 1248
1105 1316
1105 1322
1105 1809
1105 1876
1104 1144
1104 1178
1104 1665
1104 1947
1144 1490
1144 1954
1665 1666
1947 1620
1106 1136
1106 1266
1106 1364
1135 1136
1135 1137
1135 1138
1248 1255
1316 1405
1316 1818
1322 1132
1322 1323
1322 1373
1322 2096
1322 2097
1809 1236
1876 1498
1266 1242
1266 1265
1364 1323
1364 1372
1364 1499
1209 1108
1209 1210
1209 1535
1209 2075
1108 1470
1108 1494
1470 1362
1470 2172
1470 2187
1494 1369
1494 1918
1110 1109
1578 1111
1578 1325
1578 1656
1111 1580
1580 1581
1115 1112
1115 1452
1115 1453
1115 1498
1115 1551
1836 1113
1836 2048
1113 1931
1931 1943
1542 1114
1542 1610
1114 1602
1602 1685
1452 1455
1453 1456
1498 1499
1498 1993
1498 1994
1551 1368
1188 1116
1188 1187
1188 1233
1116 1435
1116 1460
1116 1462
1116 1583
1116 2194
1435 1308
1435 1434
1435 1461
1460 1233
1460 1346
1460 1447
1460 2123
1460 2124
1462 1278
1462 1461
1462 1952
1583 1598
1583 1854
1583 1855
1583 1950
1583 1999
1583 2011
1117 1824
1824 1119
4436 4438
4436 4440
1119 1955
1121 1120
1121 1162
1121 1274
1162 1161
1162 1298
1274 1149
1274 1306
1242 1122
1242 1130
1242 1307
1242 1382
1242 1422
1575 1592
2020 1377
1475 1307
1475 1382
1126 1125
1126 1862
1125 1127
1862 1932
1186 1128
1829 1129
1829 1709
1130 1307
1130 1329
1130 2556
1307 1306
1307 2593
1329 1328
2556 2531
2556 2557
1134 1131
1134 1450
1134 1533
1131 1492
1131 1604
1492 1491
1604 1698
1604 1819
1604 2042
1241 1132
1241 1290
1241 1724
1241 1725
1241 1994
1132 1608
1608 1724
1608 2064
1608 2147
1415 1133
1415 1194
1415 1321
1415 1413
1415 1414
1415 1919
1133 1530
1133 1609
1530 1169
1530 1172
1530 1486
1450 1371
1450 1373
1450 1471
1450 2117
1450 2118
1300 1139
1139 1331
1139 1344
1139 1360
1139 1457
1139 1485
1139 1618
1139 1619
1331 1318
1331 1344
1344 1343
1344 2179
1360 1272
1360 1359
1360 1361
1360 1449
1360 1486
1360 1863
1457 1318
1457 1951
1485 1169
1485 1172
1618 1881
1619 1616
1619 1699
1141 1140
1141 1473
1141 1873
1473 1283
1473 1474
1473 2041
1873 1414
1433 1929
1621 1549
1621 1590
1621 1622
1621 1691
1221 1143
1221 1253
1490 1620
1490 1759
1490 1983
1954 1717
1147 1145
1147 1146
1147 1166
1147 1339
1147 1451
1146 1206
1146 2062
1146 2063
1206 1205
2062 2123
2063 2124
1166 1540
1339 1338
1339 1539
1451 1194
1451 1540
1149 1148
1149 1282
1148 1695
1695 1825
1282 1281
1282 1376
1334 1150
1334 1355
1334 1557
1150 1355
1150 1472
1150 1488
1355 1356
1355 1488
1355 1557
1355 2006
1355 2119
1472 2130
1488 1277
1488 2119
1488 2137
1169 1151
1169 1168
1169 1170
1169 1174
1169 1308
1169 1483
1151 1356
1151 1483
1483 1172
1483 1467
1483 1484
1483 2156
1404 1152
1404 1405
1152 1729
1729 1912
1155 1154
1155 1160
1155 1220
1155 1259
1154 1773
1154 1970
1970 1990
1160 1259
1160 1500
1220 1291
1259 1258
1325 1156
1325 1224
1325 1255
1325 1324
1325 1326
1325 1327
1325 1579
1325 1820
1156 1735
1156 1748
1735 1512
1748 1821
1748 1884
1157 1504
1157 1683
1157 1769
1504 1244
1504 1320
1504 1411
1683 1283
1769 1211
2091 1638
1500 1249
1161 1240
1161 1516
1161 1640
1240 1354
1516 1517
1298 1297
1298 1328
1298 1804
1434 1163
1434 1277
1434 1351
1434 2183
1163 1864
1163 2183
1163 2188
2188 1351
1776 1848
1852 1704
2014 1649
1412 1390
1412 2192
1437 1810
1645 1863
1540 1402
1540 1506
1168 1402
1402 1170
1402 1484
1402 1539
1174 1466
1308 1208
1308 1278
1308 1309
1308 1315
1308 1813
1308 2137
1308 2184
2179 1171
2179 2180
1467 1172
1467 1747
1467 1953
1467 2187
1172 1486
1172 1648
1648 1751
1648 1953
1648 2067
1183 1173
1183 2446
1173 1517
1466 1208
1466 1315
1466 2137
1734 1180
1734 1357
1180 2163
2163 2111
1189 1181
1189 1844
1181 1397
1397 1301
2446 2456
2446 2792
2446 2813
2446 2966
1948 1185
1948 1523
1185 2049
1185 2074
2074 2003
1233 1232
1245 1231
1406 1218
1527 1528
1527 1693
1527 1694
1527 1761
1527 2125
1194 1193
1194 1520
1193 1677
1677 1244
1520 1518
1520 1519
1348 1197
1348 1251
1348 1347
1197 1511
1511 1512
1511 2019
1199 1198
1199 1891
1198 1347
1198 1890
1347 1425
1347 1448
1347 1628
1890 1510
1891 1659
1202 1201
1202 1363
1201 1203
1203 1252
1363 1341
1363 1349
1252 1251
1252 1303
1289 1204
1289 1408
1204 1448
1204 2085
1448 1426
1205 1358
1205 1704
1205 1865
1205 1988
1205 2036
1358 1718
1358 1866
1358 2043
2036 1680
1440 1793
1793 1795
1208 1678
1678 1588
1212 1211
1212 1345
1345 1332
1345 1760
1424 1389
1424 2015
1246 1217
1246 1383
1217 1384
1217 1449
1217 1686
1384 1894
1449 1273
1686 1672
1686 1687
1686 1896
1686 2166
1218 1416
1218 1688
1218 1766
1218 1911
1416 1920
1688 1562
1688 1641
1688 1713
1688 1856
1766 1765
1250 1388
1253 1228
1523 1228
1523 1631
1431 1262
1431 1429
1593 1510
1646 1915
1726 1777
1798 1263
1708 1796
1708 1869
1708 2099
1238 1231
1238 1237
1238 1328
1238 1482
1235 1234
1235 1236
1234 1576
1234 1722
1234 1901
1576 1630
1722 1974
1901 1617
1237 1531
1531 1297
1531 2157
1328 1482
1354 1561
1290 1802
1290 1993
1724 1944
1724 2079
1725 1754
1725 1976
1994 1992
1382 1381
1383 1894
1255 1762
1288 1249
1288 1286
1288 1287
1288 1933
1388 1631
1303 1293
1303 1302
1569 1254
1569 1617
1254 1761
1254 1797
1797 1407
1762 1879
1991 1858
1262 1260
1267 1409
1267 1471
1267 1775
1267 2181
1409 2112
1471 2127
1471 2128
1775 1697
1775 1698
1775 1868
1775 1885
1775 1961
2181 2196
1372 1371
1270 1269
1270 1633
1272 1271
1271 1273
1271 1568
1271 1585
1271 1625
1271 1927
1568 1563
1585 1701
1585 1927
1625 2002
1927 2002
1927 2176
1306 1811
1306 2059
1277 1278
1277 2119
1351 1465
1465 1463
1465 1464
1465 1907
2202 2200
1522 1493
1522 1978
1522 2030
1785 1657
1785 1684
1785 1906
1785 2040
1281 1700
1700 1591
1376 1381
1376 1405
1283 1525
1283 1834
1525 1438
1525 1925
2140 1875
1285 1534
1285 1799
1534 1479
1799 1673
1799 1806
1287 1800
1800 1995
1933 1932
1408 1469
1802 1679
1993 1992
1293 1292
1295 1349
1295 1425
1295 1628
1425 1391
1297 1301
1297 1561
1297 1804
1297 2157
1561 2157
1806 1647
1806 2162
1432 1326
1432 1430
1811 1850
2059 2056
2593 2604
2593 2908
1309 1539
1315 1816
1813 1919
2184 2197
2190 2076
2190 2191
2191 2170
2191 2171
1314 1815
1815 1671
1815 1788
1816 2148
1816 2149
1818 1560
1318 1317
1439 1319
1439 1438
1439 1810
1319 1526
1526 2192
1411 1320
1411 1410
1320 1521
1320 2155
1521 1414
1521 1843
2155 1843
2155 2135
1373 1371
2096 1599
2096 1689
2096 2064
2097 1599
2097 1860
2097 1944
1324 1821
1324 1880
1880 1570
1579 1986
1820 1922
1332 1630
1332 2015
1368 1367
1390 1389
1395 1394
1501 1379
1501 1998
1514 1393
1514 1817
1336 1335
1336 1662
1336 1996
1662 1627
1996 1728
1830 1837
1830 2154
1338 1340
1338 1461
1340 1447
1341 1426
1341 1507
1341 1859
1507 1875
1760 1998
1346 1841
1841 2069
1841 2078
1841 2121
2006 1705
1357 1764
1764 2041
1718 1848
1866 1586
2043 2044
1359 1362
1359 1774
1359 1928
1359 1949
1362 1918
1774 1949
1928 1681
1928 1937
1949 1563
1949 1896
1365 1515
1515 1438
1515 1924
1515 2026
1387 1398
1399 1377
1399 1398
1367 1902
1367 1974
1902 1989
1375 1374
1381 1380
1377 1592
1377 2103
1379 1892
1892 1916
1892 2029
1380 1396
1396 1392
1894 1893
1389 1438
1438 1883
1392 1403
1407 1979
1407 1982
1982 1967
1469 2111
2112 1731
2112 2109
1414 1843
1920 1710
1920 1715
1454 1455
1454 1456
1454 1597
1827 2005
1962 1961
1923 1884
1430 1429
1429 1973
1929 1590
1929 1637
1929 1720
1929 1831
1929 2195
1782 1436
1782 1899
1436 1934
1934 1932
1536 1493
1547 1546
2117 1849
2117 2150
2118 1849
2118 1921
2118 2053
1597 1596
1597 1685
1951 1835
2071 2072
2073 2100
2080 2054
2094 2078
2104 2106
2107 2072
2122 2133
2143 2089
1952 2055
1952 2136
1952 2139
1952 2142
1952 2185
1952 2186
1747 1746
1953 1613
1953 1882
2127 1872
2127 2152
2128 1871
2128 2088
2130 2144
1479 1478
2156 1613
2156 1751
2156 1886
2156 2102
1759 1610
1759 1897
1759 2087
1491 1564
1491 1709
1491 1985
1564 1744
1985 1981
1493 1987
2009 1972
2009 2004
1998 1867
1998 1916
1998 1942
1998 2025
2201 2203
1510 2018
2018 1706
2018 1964
2018 2019
1512 2021
2019 1826
2019 2045
2019 2046
2026 1939
1519 1587
1587 1586
1978 1977
2030 1696
2030 1814
2030 2174
1925 1939
1694 1966
2125 1967
1643 1750
1643 1908
1546 1543
1546 1594
1546 1637
1546 1707
1546 1732
1546 1743
1543 1831
1574 1544
1574 1684
1574 1945
1544 2039
2039 2038
1545 1887
1707 1794
1732 2051
1743 1869
1781 1548
1781 1757
1781 1758
1781 2010
1548 2109
1549 1930
1778 1550
1778 1847
1550 1992
1992 1878
1652 1741
1652 1789
1652 2037
1652 2038
1669 1668
1669 1684
1739 1571
1838 1807
1838 1839
1889 1667
2141 2092
1560 1554
1554 1840
1840 1702
1711 1556
1711 1903
1556 1845
1845 1882
1780 1611
1562 1786
1562 1856
1786 1895
1744 1584
1684 1571
1684 1877
1684 1914
1573 2098
1573 2114
2052 2195
2098 1622
2098 1837
2114 1622
1945 2032
1644 1577
1644 1605
1577 1984
1984 2077
1984 2160
1581 1763
1690 1582
1690 1689
1690 1917
1582 1917
1582 2086
2086 1755
1598 1588
1598 2011
1854 1950
1854 1999
1855 1950
1950 2011
1999 1588
1720 1584
1720 1721
1701 2002
1701 2166
1588 2149
2149 2148
1715 1589
1715 1888
1589 1853
1853 1888
1591 2047
1959 1595
1959 1898
1595 2037
2037 1957
2037 2077
1600 1599
1600 1837
1600 1971
1599 1921
1921 2150
1971 2132
2000 1601
2000 1801
2000 2113
1601 2129
1601 2150
2129 1731
2129 2152
2150 2053
2150 2113
1647 1603
1603 1772
1603 1822
1772 1606
1822 1963
1698 1642
1819 1660
1819 2042
1673 1606
1969 1607
1607 1997
2147 1944
1612 1611
1612 1846
1611 1626
1626 1663
1846 1756
1846 1805
1653 1613
1653 1751
1653 1882
1658 1825
1833 1615
1833 1681
1616 1699
1881 1756
1622 1661
1622 2013
1691 1868
1661 1660
1661 1721
1661 2066
2013 2126
1663 2162
1812 1632
1812 2010
1632 1847
1632 1963
1963 1961
1666 1634
1634 1702
1702 1779
1737 1635
1737 1636
1737 1736
1635 1823
1910 1638
1765 1639
1639 1803
1803 1641
1642 2066
2066 1870
1908 1756
1787 1649
1794 1650
1794 1723
1794 1795
1794 1975
1650 1796
1758 1651
1651 1878
1741 1742
1741 2161
1789 1753
2038 1861
1896 1654
1896 1655
1896 1672
1770 1657
1770 1898
1826 1659
1826 2045
1660 1849
2162 2110
1861 1664
1664 1914
1807 1667
1668 1753
1753 1832
1788 1670
1670 2012
1705 1674
1675 1905
1905 1940
1733 1679
1733 1757
1733 1801
1733 2050
1874 1680
1777 1682
1877 1771
1713 1738
1689 1860
1868 2105
1857 1692
1857 2022
1692 1906
1697 1981
1779 1946
1723 1703
1703 1975
1828 1706
1828 2033
1895 1710
1903 1746
1842 1980
1738 1784
1960 1714
1960 2028
1960 2116
1714 2110
1944 2088
1944 2113
2079 1754
2079 1926
1754 1755
1976 1926
1976 2050
1731 2116
2051 1771
1784 1909
1742 1740
1740 1792
1740 2024
1792 1790
1792 1791
1792 2024
2024 2023
2161 2151
2161 2159
1746 2007
1746 2182
2182 2177
1884 2046
1832 1768
1897 2087
1839 1767
1768 2031
2031 2032
2031 2040
1898 1957
1961 2028
1909 1977
1995 2048
2022 1814
2045 2046
2033 1964
2154 2101
2069 2100
2121 2100
1932 1943
1932 2115
1916 1867
2105 2057
2105 2153
1871 1870
1870 1872
2144 1886
2144 2102
2144 2131
2029 1942
1893 1935
1935 1936
1989 2025
1977 2174
1939 1938
2176 2177
2088 2053
2055 2083
2136 2081
2136 2139
2139 2065
2142 2084
2185 2065
2186 2065
1965 1964
2132 2145
2132 2153
2008 1972
2174 2173
2160 2159
2126 2101
2054 2106
2106 2093
2083 2082
2083 2084
2058 2056
2100 2072
2082 2081
2082 2093
2081 2084
2133 2089
2189 2167
2101 2145
2145 2146
2199 2198
2199 2200
2198 2203
2209 2204
2209 2211
2204 2210
2210 2211
2381 2205
2381 2267
2381 2288
2381 2293
2381 2340
2381 2352
2381 2380
2381 2382
2381 2383
2381 2384
2381 2394
2381 2397
2381 2418
2243 2207
2243 2218
2243 2331
2207 2389
2389 2394
2411 2208
2411 2248
2208 4742
4742 4631
2395 2213
2395 2237
2395 4848
2213 4896
4896 4827
4896 4835
4896 4853
2356 2214
2356 2262
2356 2336
2214 2410
2410 2354
2369 2215
2369 2248
2369 2316
2215 2386
2386 2286
2386 2354
2386 4659
2287 2216
2287 2315
2216 2344
2344 2345
2345 2217
2345 2310
2217 2346
2218 2331
2218 2372
2218 2396
2331 2293
2331 2317
2331 2372
2331 2388
2372 2396
2396 2397
2396 2398
2396 2399
2228 2219
2228 2221
2221 2220
2221 2223
2221 2320
2221 2417
2220 2231
2220 2260
2220 2294
2220 2375
2220 2401
2220 2402
2220 2404
2231 2404
2294 2404
2375 2355
2375 2402
2401 2355
2404 2329
2404 2391
2223 2320
2223 2349
2320 2313
2320 2318
2320 2319
2320 2321
2320 2322
2320 2323
2417 2383
2417 2384
2234 2261
2234 2297
2234 2308
2234 2327
2234 2368
2234 2382
2382 2308
2382 2327
2349 2348
2313 2224
2313 2358
2224 2403
2403 2336
2227 2225
2227 2233
2229 2226
2229 2262
2226 2358
2233 2359
2262 2305
2316 2315
2304 2232
2304 2309
2232 2360
2232 2408
2360 2278
2408 2409
2408 4551
2408 4631
2408 4648
2408 4748
2408 4752
2359 2361
2261 2257
2261 2258
2261 2259
2261 2297
2261 2363
2297 2295
2297 2296
2297 2342
2297 2368
2308 2387
2327 2326
2327 2328
2368 2367
2237 2235
2237 2236
2237 2290
2237 2367
2290 2314
2367 2289
2367 2376
2367 2388
2284 2238
2284 2285
2284 2330
2284 2391
2238 2312
2324 2239
2324 2242
2324 2357
2324 2405
2239 2365
2365 2318
2241 2240
2241 2248
2241 2309
2241 2354
2240 4506
2240 4630
4506 4468
4506 4534
4630 4535
2248 2247
2248 2250
2248 2251
2248 2252
2248 4572
2248 4651
2354 4633
2242 2334
2334 2348
2334 2370
2314 2244
2244 2420
2420 2421
2307 2245
2307 2387
2307 2414
2245 2387
2245 2419
2387 2338
2387 2351
2387 2352
2387 2379
2419 2326
2255 2246
2255 2302
2246 2385
2385 2377
2385 2407
2247 2249
2247 4534
2247 4535
4534 4533
2252 2310
4572 4571
4572 4573
4572 4651
4651 4473
4651 4551
4651 4643
4651 4650
2280 2253
2280 2335
2253 2378
2378 2377
2291 2254
2291 2289
2254 2326
2326 2317
2326 2328
2326 2351
2326 2379
2302 2347
2302 2407
2256 2406
2406 2273
2406 2298
2406 2299
2363 2362
2305 2264
2263 2285
2264 4853
4853 4852
2271 2265
2271 2333
2267 2266
2267 2270
2267 2415
2266 2268
2266 2269
2266 2332
2266 2380
2332 2380
2415 2414
2333 2286
2274 2272
2274 2273
2273 2371
2371 2300
2371 2353
2276 2275
2275 2289
2275 2388
2289 2376
2319 2277
2277 2370
2370 2357
2283 2279
2335 2337
2335 2366
2335 2373
2301 2353
2374 2373
2330 2391
2391 2393
2340 2288
2347 2292
2292 2366
2299 2298
4836 4831
4836 4835
2405 2348
2328 2325
2373 2377
2338 2418
2362 2339
2362 2341
2362 2361
2362 2364
2339 2400
2341 4034
4633 4682
2364 4858
4858 4855
4858 4856
4858 4859
4659 4492
4659 4505
4659 4657
4659 4687
2393 2390
4848 4835
4551 4626
4551 4718
4648 4626
4648 4738
4648 4749
4648 4752
4748 4725
4748 4753
4748 4783
4752 4753
4694 4692
4694 4693
4694 4926
4490 2422
4490 4491
4490 4579
4490 4583
4490 4668
2422 4562
4562 4683
2424 2423
2424 2458
2424 2518
2458 2457
2458 2557
2458 2590
2458 2592
2458 2598
2518 2474
2518 2507
2518 2515
2518 2557
2518 2598
2518 2601
2484 2495
2484 2560
2484 2740
2484 2742
2484 2763
2484 2957
2654 2739
2654 2765
2654 2824
2654 3175
2654 3177
2728 2426
2728 2497
2728 2730
2426 2729
2729 2489
2729 2731
2488 2427
2488 2487
2488 2520
2488 2582
2488 2585
2488 3059
2488 3114
2427 2585
2427 2655
2585 2435
2585 2453
2585 2460
2585 2523
2585 2577
2585 2584
2585 2603
2585 2910
2655 2668
2655 3154
2544 2428
2544 2447
2544 2553
2544 2591
2544 2636
2544 2857
2544 2859
2544 2861
2544 3153
2428 2616
2616 2455
2616 2457
2616 2486
2616 2521
2616 2524
2616 2613
2616 2636
2616 2884
2616 2885
2616 2972
2616 2973
2594 2429
2594 2496
2594 2513
2594 2514
2594 2519
2594 2532
2594 3004
2594 3156
2594 3178
2431 2430
2431 2589
2430 2815
2589 2460
2589 2911
2577 2432
2577 2901
2432 2660
2435 2433
2435 2671
2433 2470
2433 2523
2433 2587
2433 2618
2433 2622
2433 2623
2433 2661
2433 2667
2433 2697
2433 2700
2433 2701
2470 2469
2470 2965
2523 2812
2587 2471
2587 2492
2587 2576
2587 2586
2618 2965
2618 2975
2622 2607
2622 2978
2623 2607
2623 2979
2661 2667
2661 2683
2661 2704
2661 2812
2661 2818
2661 2836
2661 2943
2661 2958
2661 2968
2661 3103
2661 3199
2667 2662
2697 2698
2700 2535
2701 2621
2701 3066
2489 2434
2489 2494
2489 2497
2489 2947
2489 3016
2434 2637
2434 2669
2637 2621
2637 2634
2669 2794
2669 3004
2669 3007
2669 3220
2671 2672
2671 2673
2438 2436
2438 2437
2438 2448
2438 2528
2438 2595
2438 2630
2438 2632
2438 2638
2438 2681
2438 2682
2438 2884
2438 2990
2448 2686
2448 3188
2528 2553
2528 2873
2528 2916
2528 3185
2595 2468
2595 2553
2595 2583
2595 2917
2595 2926
2595 2927
2595 2933
2630 2633
2630 3282
2632 3186
2638 2468
2884 2886
2990 2462
2990 3195
4128 2439
4128 4322
4128 4323
2439 4147
4147 4113
4147 4324
2442 2440
2442 2441
2442 2520
2442 2615
2442 2626
2520 2558
2520 2640
2520 3232
2615 2508
2615 2614
2615 3265
2626 2492
2626 2508
2626 2558
2626 2624
2626 2625
2680 2443
2443 2684
2443 2706
2443 2955
2443 3093
2684 2444
2684 2685
2955 2603
2955 2954
2955 3093
2603 2444
2603 2503
2603 2559
2603 2608
2603 2952
2603 2954
2444 2707
2501 2445
2501 2500
2501 2502
2501 2551
2501 3015
2501 3225
2501 3226
2445 2558
2445 3205
2558 2473
2558 2482
2558 3241
2558 3242
2456 2457
2456 2792
2456 2929
2456 3003
2456 3010
2792 3011
2813 2966
2813 2976
2813 2982
2813 3011
2966 2780
2966 2967
2966 3010
2447 2596
2596 2574
2596 2916
2686 2757
2686 2845
2686 2935
2686 3049
2686 3097
2686 3098
3188 2885
3188 3181
2450 2449
2449 2575
2449 2716
2449 2718
2449 3042
2575 2487
2575 2988
2575 3042
2575 3204
2575 3276
2716 2464
2716 2465
2716 2466
2716 2584
2716 2718
2716 2719
2716 3157
2716 4021
2716 4022
2550 2451
2550 2537
2550 2548
2550 2549
2550 2851
2451 2560
2451 2693
2560 2467
2560 2493
2560 2526
2560 2549
2560 2825
2560 2882
2560 2899
2693 2920
2693 3020
2693 3021
2693 3028
2453 2452
2453 2559
2453 2696
2559 2881
2696 2880
2696 3092
2696 3132
2696 3133
2696 3189
2696 3269
2708 2454
2708 2455
2708 2699
2454 2837
2454 3104
2454 3227
2837 2723
2837 2778
2837 2838
2837 2856
2837 3227
3104 2723
3104 3038
2457 2455
2457 2486
2457 2524
2457 2592
2457 2676
2457 2702
3003 2670
3003 2779
3003 3124
3010 2779
2486 2631
2592 2566
2592 2568
2592 2571
2592 2703
2592 2908
2676 2564
2676 2675
2702 2695
2702 2744
2702 2786
2702 3011
2557 2474
2590 2474
2590 2479
2598 2597
2460 2459
2462 2461
2462 2653
2653 2606
2653 3018
2485 2463
2485 2527
2485 2742
2463 2711
2463 2712
2715 2464
2715 3243
2715 3278
2464 2938
2464 3243
2464 3278
2938 3168
2938 3222
2938 4023
3243 3278
2526 2467
2526 2599
2526 2788
2526 2803
2526 2814
2467 2717
2468 2722
2722 2720
2722 2845
2965 2639
2492 2471
2492 2491
2492 3013
2492 3015
2492 3223
2492 3224
2471 3215
2475 2472
2475 2473
2475 3216
2472 2476
2472 2644
2476 2473
2476 3217
2644 2500
2644 2646
2644 2647
2644 3238
2644 3239
2474 2473
2474 2502
2473 2482
2473 2551
2473 2641
2482 3218
2551 3291
2502 2610
3216 3217
2809 2477
2809 2514
2809 2705
2809 2839
2809 2863
2809 2985
2809 3035
2477 2863
2863 3027
2863 3119
2863 3121
2479 2478
2479 2481
2478 2480
2478 2554
3218 3271
2504 2483
2504 2521
2504 2782
2504 2784
2504 3048
2483 2735
2483 3089
2483 3090
2735 2736
2735 2737
2735 2805
2735 3009
3089 2687
3089 3100
3090 2688
3090 3101
2495 2765
2495 3016
2740 2738
2740 2741
2742 2743
2763 2764
2763 3016
2527 2548
2527 2605
2527 2611
2527 2803
2631 3203
2487 2988
2487 3213
2487 3251
3213 3251
2582 2540
2582 2581
3059 2607
3114 2602
2494 2760
2494 2761
2494 2762
2497 2512
2497 2768
2947 2628
3016 2493
3016 2512
3016 2533
3016 2825
2758 2490
2758 2658
2491 2642
2491 2645
2642 2500
2642 2643
2642 3211
2645 2647
2645 3253
3013 2576
3013 3012
3015 3014
2493 2759
2759 2651
2759 2739
2759 2794
2759 2839
2759 2877
2759 2882
2759 3040
2765 2739
2765 3099
2496 2766
2496 2768
2496 3171
2766 2767
2768 2769
2512 2794
2537 2498
2537 2538
2537 2543
2537 2549
2537 2553
2537 2919
2537 3122
2537 3123
2498 2543
2498 3077
2543 2790
2543 2842
2543 2843
2543 2919
2543 2922
2529 2499
2529 2530
2529 2578
2529 2791
2529 2915
2529 2917
2529 3112
2529 3180
2499 2578
2499 2774
2499 2775
2499 3112
2499 3270
2578 2579
2578 3112
2610 2522
2610 2606
2610 2611
2610 3287
2610 3288
2503 2608
2503 2781
2608 2962
2521 2600
2521 2613
2521 2805
2521 2806
2521 3044
2521 3046
2782 2783
2782 2784
2782 3075
2784 2783
3048 2600
3048 3026
2621 2505
2621 2992
2505 2776
2505 2801
2507 2506
2507 2612
2509 2508
2508 2510
3228 2511
3228 3265
2794 2651
2514 2513
2514 3035
2514 3230
2516 2515
2515 2517
2532 2519
2532 2533
2532 2764
2532 2820
2532 2822
2532 3004
2532 3111
2532 3178
2519 3004
3004 3007
3004 3055
3004 3156
3004 3220
2640 2576
2640 3207
2600 2574
2600 2935
2600 2963
2613 2969
2805 3009
2805 3237
2806 3167
3044 3043
3046 2930
3046 3045
2812 2683
2812 2902
2812 2975
2812 3078
2812 3115
3233 2525
3233 3250
3233 3265
2599 2932
2788 2619
2803 2804
2814 2877
2814 3105
2814 3141
2814 3197
2548 2538
2548 2854
2548 2855
2605 2538
2605 2604
2605 2606
2605 2611
2605 2617
2605 2959
2611 2531
2553 2574
2553 2607
2553 2869
2553 2870
2553 2871
2553 3186
2873 2552
2873 2874
2873 2916
2873 3185
2916 3185
3185 3064
3185 3158
3185 3184
3185 3201
2530 2635
2530 2724
2530 2725
2791 2790
2791 2915
2791 3285
2915 2656
2915 2917
2915 2925
2917 2656
2917 2907
2917 2925
2917 2926
2917 2927
2917 3180
2635 2933
2724 2725
2724 3060
2725 3060
2533 2563
2533 2658
2533 2820
2533 2822
2764 3111
2820 2821
2822 2823
2563 2657
2563 2891
2535 2534
2535 2628
2628 2985
2628 2986
2536 2840
2536 3054
2840 2931
2840 2934
2549 2848
2549 2849
2549 2852
2549 2853
3122 3127
3123 3127
2827 2539
2827 2540
2827 2826
2727 2951
2727 3061
2727 3206
2727 3264
2951 2819
2951 2824
2951 2864
2951 3034
2951 3264
2996 2797
2996 2799
2996 2950
2996 3210
3173 2931
3173 3019
3173 3159
3173 3193
4218 4217
2790 2922
2842 2552
2842 2808
2842 2907
2842 3095
2922 2912
2591 2574
2857 2845
2857 2858
2859 2845
2859 2860
2861 2845
2861 2862
3153 2574
2846 2931
2848 2850
2849 2850
2851 2850
2851 3125
2851 3129
2851 3155
2851 3274
2851 3275
2851 3277
2720 2552
2552 2800
2552 2808
2552 2844
2552 2869
2552 2870
2552 2871
2552 2907
2552 2921
2552 2970
2552 2994
2552 2998
2552 3095
2552 3127
2552 3140
2552 3148
2552 3283
2800 2921
2800 2994
2800 3283
2844 2970
2869 2875
2870 2876
2871 2872
2907 2583
2907 2656
2907 2692
2907 3095
2921 3050
2970 2714
2970 2810
2970 2977
3127 3029
3127 3058
3127 3091
3127 3126
3127 3128
3127 3148
3127 3283
3140 3283
3283 3029
3283 3128
2574 2573
2574 2580
2574 2732
2574 2793
2574 2903
2574 2904
2574 2906
2574 2963
2607 2583
2607 2602
2607 2606
2607 2650
2607 2789
2607 2959
3186 3183
2620 2555
2620 4171
2620 4264
2620 4316
2555 4098
2555 4316
4098 4083
4098 4109
4098 4171
4316 4100
4316 4127
4316 4173
4316 4185
4316 4220
2881 2879
2881 2880
2882 2739
2882 2839
2882 2877
2882 2899
2882 2985
2882 3040
2882 3152
2899 2900
2619 2562
2619 2977
2562 2789
2562 3145
2562 3146
3145 2883
3146 2883
2657 2666
2564 2816
2564 2893
2564 2940
2816 2817
2893 2892
2940 2566
2940 3169
2566 2565
2894 2567
2894 2568
2568 2665
2665 2787
2895 2569
2895 2703
2895 2896
2897 2570
2897 2571
2571 2898
2898 2572
2573 2691
2573 2811
2573 2905
2573 2935
2573 2971
2573 3096
2573 3280
2691 2935
2691 2971
2691 3144
2691 3179
2691 3261
2935 2845
2935 2971
2935 3032
2935 3033
2935 3172
2935 3240
3096 3280
3280 3281
2732 2606
2732 3063
2793 2606
2793 3107
2963 3065
3204 3276
2576 3246
2576 3247
3246 3006
2584 2673
2584 2709
2584 2719
2584 2721
2584 2879
2584 2888
2584 2910
2584 3094
2584 3157
2584 3198
2584 3214
2673 2709
2673 2889
2673 3214
2709 3198
2709 3214
2721 2756
2721 2879
2721 2888
2721 2972
2879 2888
2879 2997
2879 3094
2879 3196
2879 3229
2888 2756
3250 2588
3250 3265
2703 3102
2908 2909
2604 2617
2604 2952
2926 3162
2927 3163
2602 2942
2942 2979
2952 2953
2954 2956
2617 2973
2606 2958
2606 3187
2959 2960
2958 2818
2958 2865
2958 3062
2958 3108
2958 3120
2958 3147
2958 3160
3187 2652
3187 3182
3187 3282
2650 3113
2962 2961
2639 2609
2639 2964
3287 2649
3287 3289
3288 2649
3288 3290
2969 3131
2885 2887
2972 3051
2973 2974
2975 2866
2975 2902
2977 2714
2977 3190
2977 3191
4171 4086
4171 4114
4171 4161
4171 4192
4171 4193
4171 4217
4264 4249
2992 3117
2992 3118
2978 2694
2978 3053
2981 2627
2981 2802
2627 2989
2989 2983
2989 2987
2985 2877
2985 3106
2985 3152
2986 3121
3271 2629
2964 2914
2643 2647
2643 3235
2643 3236
2647 2648
2647 3260
2646 2648
2646 3254
2646 3255
2646 3256
2646 3257
2646 3258
2646 3259
2648 3272
2648 3273
3039 2652
2739 2738
2739 2931
2739 3040
2739 3041
2824 2819
2824 2864
2824 3176
2824 3177
2692 2656
2692 3076
2692 3170
2692 3285
2656 3076
3023 2659
3023 3070
2659 3200
3200 3070
2818 2836
2818 2865
2818 2943
2818 3130
2818 3199
2836 2690
2836 2943
2836 2968
2836 3103
2836 3130
2943 2944
2943 3130
2943 3199
2968 3103
3007 3208
3007 3220
3007 3268
2779 2670
2779 2770
2779 2780
2670 2795
2670 3000
2670 3025
2670 3142
2795 2838
2795 3025
2795 3109
2795 3151
3000 2780
3000 3001
3000 3142
2913 2674
2913 2850
2913 3037
2913 3155
2913 3275
2913 3279
2713 2677
2713 2941
2677 2941
2941 2690
2941 2890
2983 2984
2685 2777
2685 3002
2777 2841
3002 2773
3002 2980
2757 3098
2845 3017
2845 3172
2845 3212
3049 3097
2690 2689
2690 2890
3144 3179
3170 3285
3285 3284
2695 2786
2786 2785
2786 2976
2786 3266
2880 2878
2880 3110
2880 3116
2880 3189
3132 3133
3132 3269
3133 3269
2699 3267
2744 3011
2705 2839
2839 2877
2839 3024
2956 2710
2956 3262
2710 3209
2710 3219
2710 3262
2810 2714
2714 3056
4021 4033
4022 3959
2754 2723
2723 2755
2723 2778
2723 2838
2723 2856
2755 2856
2778 2736
2778 2838
2778 2856
2838 3151
2838 3249
2856 3079
2780 2726
2780 2770
2780 2967
2780 3008
2726 3008
2726 3286
3008 3164
3008 3263
2737 2733
2737 2736
2826 2734
2736 3192
3009 3237
2931 2934
2931 3019
2931 3040
2931 3041
3040 3036
3040 3041
3080 2745
3080 3071
3081 2746
3081 3100
3082 2747
3082 3073
3083 2748
3083 3068
3084 2749
3084 3073
3085 2750
3085 3070
3086 2751
3086 3101
3087 2752
3087 3074
3088 2753
3088 3069
2877 3152
2877 3197
2771 2770
3001 2772
2980 2773
2980 2841
2841 2807
2841 2939
2841 3194
2976 2982
2976 3202
2976 3266
3151 3249
2797 2796
2797 2799
2797 2819
2797 3149
2797 3210
2797 3221
2797 3252
2796 2799
2796 3174
2799 2819
2799 3149
2799 3150
2799 3210
2799 3221
2799 3252
2819 2864
3078 3115
2982 3231
2982 3234
3017 3172
3017 3212
3172 3212
2850 2936
2850 3037
2850 3125
2850 3129
2850 3155
2850 3275
2936 2923
2936 2937
2936 3155
3037 3275
3125 3129
3155 3138
3275 3274
3027 3121
3121 3248
3134 2867
3134 3045
3135 2868
3135 3136
2878 3110
2878 3116
3110 3116
3116 3143
3116 3245
2997 3196
2997 3229
3196 2991
3196 3052
3196 3161
3196 3229
3057 2883
2892 2995
2892 2999
2892 3244
2995 3244
2896 3022
2914 3137
2925 2928
3166 2918
3166 3068
2924 2923
2923 2937
2937 2993
2937 3139
3032 3033
4023 4025
3062 3108
3062 3147
3108 3147
3120 3160
3231 3234
3117 3118
3006 3005
3208 3268
3070 3136
3047 3026
3029 3128
3128 3058
3128 3126
3100 3030
3101 3031
3043 3074
3043 3136
3074 3073
3045 3072
3072 3069
3072 3071
3158 3064
3158 3201
3064 3201
3069 3068
3071 3165
3126 3091
3143 3245
3410 3292
3410 3407
3410 3408
3410 3409
3410 3516
3410 3518
3410 3675
3292 3487
3292 3592
3487 3497
3592 3311
3294 3293
3294 3313
3294 4860
3293 3333
3293 3387
3293 3551
3333 3628
3333 4758
3551 3691
3313 3298
3313 3312
3313 3434
4860 4536
4860 4866
3296 3295
3296 3309
3296 3325
3296 3332
3295 3324
3295 3432
3295 3505
3295 3567
3324 3571
3432 3656
3505 3504
3505 3615
3567 3576
3567 3730
3309 3308
3309 3332
3309 3356
3309 3459
3309 3476
3309 3477
3309 3483
3325 3575
3332 3311
3332 3331
3332 4875
3298 3297
3298 3328
3298 3439
3298 3440
3298 3557
3297 3537
3537 3536
3537 3740
3328 3364
3328 3465
3328 3471
3328 3497
3328 3557
3328 3581
3445 3299
3445 3300
3445 3736
3300 3621
3300 3707
3621 3344
3707 3555
3707 3706
3449 3301
3301 3630
3301 3671
3630 3629
3630 3721
3671 3336
3467 3302
3467 3303
3467 3304
3467 3411
3467 3414
3467 3466
3467 3468
3467 3469
3467 3478
3467 3525
3467 3590
3467 3591
3467 3612
3467 3613
3466 3305
3466 3501
3466 3502
3466 3526
3466 3619
3343 3306
3343 3471
3343 3646
3343 3647
3306 3419
3306 3468
3306 3469
3306 3539
3306 3626
3306 3651
3419 3531
3539 3723
3626 3418
3626 3497
3651 3351
3473 3307
3307 3579
3307 3595
3307 3653
3307 3691
3579 3329
3579 3388
3595 3596
3653 3538
3653 3580
3691 3690
3308 3463
3308 3464
3308 3644
3463 3462
3464 3458
3464 3461
3644 3643
3644 3721
3356 3355
3483 3311
3483 3484
3483 3683
3311 3310
3311 3320
3311 3335
3311 3350
3311 3358
3311 3631
3311 3696
3310 3454
3454 3620
3320 3327
3320 3470
3320 3631
3320 3697
3335 3316
3335 3334
3335 3350
3335 4654
3350 3560
3350 3597
3350 3670
3350 3672
3350 3673
3350 3688
3350 3701
3358 3357
3358 3465
3358 3724
3696 3330
3696 3695
3312 3692
3692 3596
3434 3330
3354 3314
3354 3353
3354 3431
3354 3436
3354 3568
3354 3600
3354 3637
3354 3713
3354 3714
3354 3715
3314 3609
3314 3624
3314 3655
3609 3430
3624 3397
3655 3395
3655 3396
3655 3638
3316 3315
3316 3351
3316 3391
3316 3392
3316 3420
3316 3723
3315 3365
3315 3482
3315 3535
3315 3556
3315 3619
3482 3738
3535 3481
3535 3702
3556 3520
3351 3360
3351 3361
3351 3364
3351 3611
3351 4581
3420 3670
3472 3317
3472 3543
3317 4863
4863 4878
4863 4886
3417 3318
3417 3564
3417 3675
3318 3496
3318 3572
3318 3573
3318 3676
3496 3451
3496 3498
3496 3499
3496 3500
3496 3524
3496 3625
3572 3342
3573 3342
3676 3409
3359 3319
3359 3345
3359 3360
3359 3729
3359 4676
3319 3541
3319 3545
3319 3546
3319 3606
3541 3561
3541 3716
3606 3708
3606 3735
3327 3326
3327 3560
3327 3741
3470 3597
3697 3688
3322 3321
3322 3330
3322 3344
3321 3453
3321 3667
3321 4829
3453 3452
3453 4844
3667 3744
4829 4830
4829 4844
3330 3329
3330 4602
3330 4830
3344 3402
3344 4887
3341 3323
3341 3339
3341 3340
3341 3412
3341 4875
3323 3563
3563 3433
3563 3511
3563 3562
3563 3654
3571 3588
3571 3656
3575 3576
3575 3577
3575 3717
3575 3730
3326 3712
3326 3739
3712 3710
3739 3381
3739 3442
3741 3514
3364 3715
3497 3514
3581 3611
3329 3580
3329 3704
3704 3618
3704 3703
4830 4898
3331 3615
3331 3721
3721 3355
3721 3632
3721 3682
3721 3720
4875 4482
4875 4874
4875 4882
3628 3740
4758 4524
4654 4478
4654 4480
4654 4607
4654 4655
3348 3336
3348 3346
3348 3662
3336 3428
3336 3627
3336 4864
3428 3427
3428 3618
3627 3598
4864 4922
3633 3337
3633 3634
3642 3338
3642 4627
3340 3528
3340 4874
3528 3433
4874 3368
3412 3683
3342 3637
3342 3638
3342 3646
3342 3647
3342 3658
3658 3414
3402 3746
3402 3747
4887 4885
4887 4888
4887 4899
3345 3708
3708 3393
3347 3346
3347 4882
3346 3401
3346 3660
3346 3677
3346 3728
3401 3400
3660 3608
3660 3681
3660 3742
3677 3640
3728 3727
4882 4847
3662 3455
3662 3650
3672 3349
3349 3673
3349 3687
3349 3699
3349 3700
3699 3513
3700 3513
3701 3669
3360 4677
3361 4475
3611 3547
4581 4491
4581 4580
3422 3352
3422 3424
3422 3425
3352 3485
3352 3562
3352 3654
3485 3484
3485 3486
3485 3559
3485 3732
3562 3510
3431 3375
3431 3694
3436 3664
3568 3587
3600 3569
3600 3570
3355 3589
3355 3682
3355 3722
3589 3438
3589 3623
3682 3632
3682 3684
3722 3684
3357 3394
3357 3724
3357 3725
3357 3726
3725 3584
3725 3593
3725 3663
3726 3490
3726 3594
4676 4559
4676 4677
4676 4683
4677 4475
4475 4473
4475 4476
4475 4627
4475 4661
3474 3362
3362 4508
4508 4488
4508 4663
3578 3363
3578 3558
3363 4569
4569 4570
4569 4613
4569 4620
4569 4760
3367 3366
3367 3368
3367 3369
3369 3522
3522 3622
3515 3370
3370 3566
3370 3607
3370 3620
3566 3435
3566 3484
3607 3426
3620 3731
4877 3371
4877 3386
4877 4846
4877 4861
4877 4878
4877 4880
4877 4913
4877 4919
4877 4923
3430 3372
3430 3373
3430 3374
3430 3415
3430 3416
3430 3694
3479 3376
3479 3480
3479 3698
3378 3377
3377 3379
3377 4477
4477 4478
4477 4484
4849 3380
4849 3384
4849 4907
4849 4908
4849 4921
3561 3382
3561 3743
3590 3383
3590 3614
3444 3385
3444 3446
3444 3447
3444 3736
3689 3389
3689 3690
3693 3390
3693 3694
3564 3398
3564 3674
3398 3674
3674 3490
3674 3698
3400 3399
3400 3553
3400 3685
3399 3533
3399 3608
3608 3554
3553 3650
3685 3657
3746 3747
3455 3403
3455 3456
3455 3457
3403 3681
3657 3404
3409 3405
3409 3406
3409 3665
3409 3711
3665 3517
3711 3710
3516 3519
3516 3583
3411 3625
3501 3413
3413 3550
3550 3513
3416 3415
3415 3429
3531 3669
3527 3421
3425 3423
3425 3599
3425 3732
3599 3737
3426 3622
3484 3435
3664 3525
3526 3437
3437 3587
3443 3441
3441 3613
3736 3488
3736 3719
3544 3448
3544 3488
3544 3616
3544 3617
3448 3709
3709 3475
3614 3450
3452 3645
3461 3460
3461 3462
3502 3549
3591 3661
3612 3661
3543 3555
3738 3521
3486 3678
3559 3511
3678 3679
3678 3680
3490 3489
3649 3491
3649 3650
3495 3492
3492 3498
3492 3499
3498 3493
3499 3494
3493 3500
3493 3733
3500 3494
3494 3734
3524 3523
3549 3513
3695 3503
3503 3731
3509 3506
3509 3511
3512 3507
3512 3510
3510 3508
3510 3511
3510 3737
3583 3584
3570 3521
3530 3529
3529 3702
3705 3532
3705 3548
3705 3706
3716 3534
3536 3745
3603 3540
3603 3610
3540 3652
3540 3666
3666 3744
4861 3542
4861 4862
3617 3648
3604 3554
3604 3602
3604 3605
3718 3565
3718 3598
3718 3601
3588 3574
3602 3659
3610 3668
3668 3648
3648 4884
3634 3720
3640 3639
4884 3641
4884 4873
4884 4876
4884 4885
4627 4570
4627 4661
3727 3686
3777 3748
3777 3754
3777 3942
3748 3931
3931 3761
3761 3749
3761 3750
3761 3763
3761 3787
3761 3925
3761 3934
3749 3766
3749 3792
3766 3837
3792 3750
3792 3793
3792 3903
3772 3751
3772 3794
3751 3803
3751 3935
3803 3801
3803 3927
3935 3801
3753 3752
3753 3783
3752 3754
3752 3773
3773 3796
3773 3862
3783 3760
3783 3782
3783 3784
3783 3796
3756 3755
3756 3791
3756 3929
3756 3930
3791 3757
3791 3774
3791 3790
3791 3821
3791 3921
3929 3808
3929 3930
3758 3757
3757 3882
3882 3909
3760 3759
3760 3787
3787 3894
3787 3934
3764 3762
3762 3765
3762 3788
3762 3945
3762 4198
3765 3800
3765 3837
3765 3937
3788 3786
3788 3894
4198 3784
4198 3802
4198 3904
4198 4196
4198 4197
4198 4201
4198 4205
4198 4226
3800 3917
3837 3767
3837 3805
3837 3812
3837 3838
3837 3839
3837 3843
3837 3861
3837 3905
3937 3802
3937 3891
3767 3942
3942 3941
3781 3869
3771 3770
3770 3782
3770 3824
3770 3846
3782 3784
3782 3835
3782 3840
3782 3841
3782 3867
3782 3878
3824 3823
3824 3902
3846 3845
3846 3858
3794 3793
3794 3801
3796 3775
3796 3776
3796 3795
3796 3799
3796 3936
3862 3804
3862 3825
3862 3833
3862 3850
3862 3863
3862 3906
3775 3774
3774 3776
3774 3808
3774 3920
3774 3921
3808 3856
3808 3920
3808 3944
3921 3912
3778 3815
3778 3850
3778 3854
3778 3870
3778 3892
3815 3816
3850 3849
3854 3833
3854 3911
3870 3914
3870 3915
3892 3822
3892 3914
3779 3789
3789 3936
3784 3786
3784 3797
3784 3904
3797 3938
3797 3939
3797 3940
3869 3868
3835 3906
3835 3917
3841 3823
3867 3858
3878 3833
3786 3785
3904 3903
3785 3856
3785 3885
3785 3890
3785 3895
3890 3901
3895 3819
3894 3828
3894 3829
3894 3836
3894 3847
3894 3866
3894 3871
3894 3873
3894 3899
3894 3918
3894 3919
3894 3926
3821 3822
3821 3880
3903 3864
3903 3865
3903 3877
3903 3883
3903 3884
3903 3893
3801 3802
3801 3927
3801 3943
3795 3798
3795 3853
3795 3875
3795 3876
3795 3886
3795 3915
3795 3933
3853 3887
3875 3876
3876 3915
3886 3887
3886 3889
3915 3880
3915 3916
3917 3825
3917 3897
3917 3910
3917 3932
3943 3826
3804 3863
3863 3810
3806 3805
3806 3843
3806 3900
3843 3842
3900 3861
3900 3924
3874 3807
3874 3877
3874 3891
3807 3893
3810 3809
3810 3830
3809 3820
3820 3814
3830 3813
3830 3848
3812 3811
3811 3842
3811 3897
3842 3839
3897 3896
3813 3907
3907 3825
3907 3924
3818 3814
3814 3848
3816 3888
3816 3889
3889 3908
3879 3817
3879 3924
3822 3911
3822 3912
3880 3881
3902 3859
3902 3873
3902 3901
3902 3926
3827 3826
3826 3855
3855 3852
3829 3828
3829 3831
3828 3836
3828 3899
3899 3898
3831 3832
3832 3918
3834 3833
3833 3849
3838 3922
3905 3865
3922 3896
3922 3923
3871 3844
3871 3866
3871 3910
3844 3872
3872 3873
3872 3928
3858 3857
3847 3919
3847 3926
3852 3851
3852 3860
3860 3913
3887 3908
3901 3859
3913 3884
3865 3864
3881 3916
3916 3909
3884 3883
3896 3932
3972 3946
3972 3983
3972 3994
3955 3947
3955 3956
3955 3962
3947 3977
3947 4011
3977 3978
4011 3991
4011 4027
3949 3948
3949 3974
3948 3997
3997 4049
3974 3950
3974 3993
3950 3979
3979 3978
4039 3951
4039 4040
4039 4048
3982 3952
3982 3980
3982 3999
3952 3999
3999 4000
3999 4019
3999 4028
3965 3953
3965 3984
3965 4040
3965 4062
3965 4063
3953 3994
3953 4061
3953 4063
3994 4064
4061 4060
3968 3954
3968 3966
3968 3967
3968 3970
3954 4054
3954 4055
4054 4053
4055 4006
3956 3964
3956 3978
3956 3988
3956 4007
3956 4030
3962 3998
3964 3963
3964 4001
3978 3958
3978 3975
3978 3976
3978 4019
3978 4026
4007 3958
4030 4028
4030 4029
3958 3957
3958 3996
3958 4010
3957 3998
3957 4015
4015 3995
3996 3995
4010 4016
3961 3959
3961 3960
3961 4003
3961 4046
3959 4033
4033 4002
4033 4032
4033 4056
3960 4044
4044 4043
4044 4045
4003 4035
4046 4001
4046 4009
4046 4079
4001 4019
3984 3983
3984 3985
4040 4029
4040 4041
4040 4042
4040 4065
4062 4059
3970 3969
3970 4028
3970 4071
3969 3971
3971 3991
3971 4004
4028 4013
4028 4027
4028 4031
4028 4079
4071 4072
3991 4012
3991 4020
4004 4027
4077 3973
4077 3985
4077 4076
3993 4067
4019 4018
3980 4037
4037 4013
4037 4035
4037 4036
4037 4079
4066 4067
4005 3987
4005 4006
3987 4047
4047 4048
3990 3989
3990 4002
3989 4024
4024 4014
4032 3992
4032 4014
4032 4025
4064 4059
4064 4065
4049 4052
4000 4029
4029 4038
4035 4009
4035 4038
4035 4079
4006 4048
4017 4008
4017 4036
4008 4036
4008 4045
4008 4078
4078 4079
4014 4057
4057 4056
4052 4050
4051 4050
4051 4068
4051 4069
4068 4104
4069 4104
4059 4058
4059 4070
4058 4060
4104 4094
4104 4105
4072 4073
4072 4074
4072 4075
4085 4080
4085 4083
4085 4084
4085 4089
4085 4161
4083 4081
4083 4082
4083 4089
4089 4120
4089 4159
4089 4216
4161 4137
4161 4157
4161 4160
4161 4192
4165 4086
4165 4180
4165 4187
4165 4207
4165 4213
4086 4217
4086 4266
4217 4186
4217 4193
4217 4204
4217 4300
4088 4087
4088 4186
4088 4187
4087 4298
4298 4317
4298 4318
4186 4114
4186 4179
4186 4187
4186 4195
4186 4202
4187 4283
4120 4109
4120 4142
4120 4149
4120 4201
4159 4205
4159 4216
4159 4268
4216 4205
4091 4090
4091 4115
4091 4188
4091 4207
4188 4213
4101 4092
4101 4150
4101 4304
4101 4305
4092 4284
4284 4118
4151 4093
4151 4102
4151 4150
4151 4162
4151 4164
4093 4278
4278 4275
4278 4276
4278 4277
4278 4290
4105 4095
4105 4106
4105 4108
4105 4143
4105 4146
4135 4096
4135 4221
4096 4199
4096 4221
4096 4244
4096 4245
4221 4220
4245 4246
4245 4247
4146 4097
4146 4150
4146 4170
4146 4203
4097 4280
4097 4281
4097 4282
4109 4137
4109 4155
4109 4242
4100 4099
4100 4205
4100 4226
4099 4240
4099 4243
4099 4259
4205 4206
4150 4138
4150 4208
4150 4211
4150 4214
4304 4211
4304 4306
4103 4102
4102 4224
4106 4183
4108 4107
4143 4145
4183 4184
4137 4133
4137 4136
4137 4153
4137 4223
4155 4131
4155 4153
4155 4154
4155 4193
4242 4236
4200 4127
4200 4220
4220 4127
4220 4219
4212 4206
4113 4148
4113 4319
4148 4325
4117 4116
4117 4123
4117 4153
4117 4158
4116 4238
4116 4239
4123 4121
4123 4122
4153 4152
4153 4158
4153 4192
4118 4162
4162 4215
4142 4139
4142 4140
4142 4141
4149 4201
4201 4303
4127 4124
4127 4125
4127 4126
4127 4185
4126 4251
4185 4299
4130 4129
4130 4195
4195 4166
4195 4179
4195 4194
4132 4131
4134 4133
4133 4157
4157 4229
4157 4230
4157 4231
4136 4156
4136 4237
4136 4258
4156 4222
4156 4227
4156 4228
4156 4232
4223 4269
4223 4270
4223 4271
4223 4272
4223 4273
4223 4274
4138 4174
4174 4175
4174 4279
4170 4169
4170 4203
4203 4285
4203 4286
4208 4307
4208 4308
4208 4309
4208 4310
4208 4311
4214 4215
4164 4287
4164 4288
4152 4252
4192 4189
4192 4190
4192 4191
4192 4233
4154 4241
4154 4248
4154 4257
4160 4250
4173 4206
4180 4209
4180 4294
4180 4295
4180 4296
4180 4297
4213 4263
4167 4166
4166 4168
4181 4179
4181 4182
4181 4225
4179 4289
4209 4312
4209 4313
4209 4314
4209 4315
4202 4234
4202 4235
4202 4255
4202 4260
4202 4261
4283 4320
4283 4321
4194 4253
4194 4256
4194 4265
4263 4254
4263 4262
4300 4301
4300 4302
4290 4291
4290 4292
4290 4293
4341 4326
4341 4335
4341 4337
4341 4344
4341 4364
4341 4367
4341 4374
4341 4403
4341 4410
4326 4374
4326 4386
4326 4391
4326 4409
4374 4367
4374 4380
4391 4351
4391 4366
4391 4368
4391 4369
4391 4373
4391 4375
4391 4383
4391 4400
4391 4409
4409 4353
4409 4403
4330 4327
4330 4328
4330 4406
4327 4345
4345 4335
4345 4344
4345 4356
4345 4359
4345 4376
4345 4380
4345 4406
4345 4416
4345 4417
4328 4376
4376 4352
4376 4356
4400 4329
4400 4343
4400 4351
4400 4383
4400 4401
4400 4407
4400 4412
4406 4356
4334 4331
4334 4333
4334 4346
4334 4380
4334 4397
4334 4401
4331 4335
4331 4339
4331 4346
4331 4380
4331 4384
4331 4390
4331 4397
4331 4399
4331 4401
4331 4412
4335 4344
4335 4346
4335 4360
4335 4372
4335 4380
4335 4394
4339 4332
4339 4338
4339 4356
4339 4394
4339 4399
4346 4344
4346 4380
4346 4397
4346 4401
4380 4344
4380 4351
4380 4397
4380 4401
4380 4407
4384 4343
4384 4383
4384 4412
4390 4332
4390 4354
4390 4371
4390 4382
4390 4388
4390 4389
4390 4394
4390 4395
4397 4351
4397 4401
4401 4336
4401 4348
4401 4383
4401 4385
4412 4343
4412 4351
4412 4383
4412 4407
4332 4354
4332 4356
4332 4358
4332 4382
4332 4394
4354 4402
4356 4355
4356 4416
4358 4350
4358 4357
4358 4363
4358 4370
4358 4371
4358 4379
4358 4382
4358 4387
4358 4415
4382 4363
4382 4394
4382 4402
4394 4344
4394 4360
4394 4371
4394 4372
4394 4392
4394 4395
4344 4342
4344 4360
4344 4364
4344 4367
4344 4372
4344 4405
4344 4408
4344 4418
4360 4342
4360 4371
4360 4372
4360 4404
4360 4405
4360 4417
4360 4418
4372 4342
4372 4363
4372 4364
4372 4371
4372 4395
4372 4404
4372 4411
4385 4336
4385 4383
4373 4351
4373 4366
4373 4368
4373 4369
4373 4375
4373 4383
4375 4351
4375 4366
4375 4383
4364 4367
4364 4371
4364 4398
4367 4366
4367 4403
4367 4410
4403 4353
4403 4366
4403 4413
4342 4398
4398 4381
4351 4343
4351 4362
4351 4383
4351 4407
4343 4383
4343 4407
4383 4407
4408 4359
4416 4347
4350 4349
4350 4415
4415 4357
4415 4370
4415 4379
4362 4368
4362 4369
4352 4395
4352 4411
4395 4393
4357 4363
4363 4370
4363 4371
4370 4371
4370 4379
4370 4396
4379 4378
4366 4365
4396 4381
4420 4419
4420 4435
4420 4441
4435 4438
4435 4441
4441 4440
4441 4442
4423 4421
4421 4431
4428 4426
4426 4442
4438 4437
4438 4440
4440 4439
4453 4450
4453 4451
4454 4452
4454 4455
4484 4466
4484 4467
4484 4479
4484 4495
4484 4529
4484 4600
4466 4552
4552 4494
4552 4567
4467 4612
4612 4511
4468 4525
4468 4601
4468 4625
4468 4795
4525 4802
4525 4803
4601 4563
4601 4564
4601 4610
4601 4640
4601 4819
4625 4509
4625 4785
4638 4469
4638 4688
4469 4675
4469 4765
4675 4527
4675 4671
4474 4470
4474 4558
4470 4589
4589 4481
4589 4656
4670 4471
4670 4673
4473 4472
4473 4866
4472 4507
4472 4604
4472 4616
4472 4645
4507 4541
4507 4574
4507 4635
4604 4603
4604 4618
4616 4502
4645 4674
4866 4839
4866 4865
4866 4867
4866 4868
4866 4924
4476 4573
4476 4831
4661 4542
4661 4660
4573 4593
4573 4594
4573 4655
4831 4840
4831 4888
4480 4479
4482 4481
4482 4500
4481 4771
4500 4499
4539 4483
4539 4587
4539 4788
4483 4687
4495 4766
4529 4686
4600 4653
4486 4485
4486 4587
4486 4702
4485 4532
4485 4549
4532 4546
4549 4623
4587 4693
4587 4787
4702 4605
4702 4792
4528 4487
4528 4766
4487 4561
4561 4611
4561 4621
4561 4678
4488 4609
4609 4635
4499 4489
4499 4497
4499 4763
4499 4764
4489 4647
4647 4548
4647 4555
4491 4542
4583 4550
4668 4514
4509 4492
4492 4615
4492 4796
4615 4682
4615 4790
4595 4493
4595 4531
4493 4701
4701 4510
4494 4658
4658 4523
4658 4580
4766 4768
4546 4496
4546 4605
4496 4605
4496 4797
4797 4821
4498 4497
4498 4673
4673 4646
4502 4501
4502 4560
4560 4556
4560 4810
4521 4503
4521 4553
4521 4619
4521 4767
4503 4588
4588 4584
4588 4585
4505 4504
4505 4545
4504 4599
4599 4623
4545 4699
4541 4530
4541 4674
4541 4798
4574 4819
4663 4632
4663 4662
4642 4510
4642 4556
4642 4614
4642 4643
4517 4511
4517 4690
4517 4777
4517 4781
4511 4606
4511 4695
4606 4607
4606 4629
4513 4512
4512 4580
4512 4597
4597 4578
4584 4514
4584 4586
4516 4515
4516 4660
4515 4553
4515 4613
4553 4665
4553 4700
4660 4576
4690 4688
4690 4780
4781 4826
4519 4518
4519 4520
4519 4591
4519 4619
4519 4698
4519 4799
4519 4800
4519 4801
4518 4596
4596 4537
4591 4554
4591 4634
4619 4775
4698 4696
4698 4697
4767 4761
4544 4522
4544 4527
4522 4653
4653 4614
4653 4652
4578 4523
4578 4543
4578 4554
4685 4524
4685 4536
4685 4608
4685 4666
4685 4684
4527 4526
4686 4656
4530 4610
4530 4649
4610 4592
4531 4650
4531 4825
4650 4540
4650 4568
4650 4722
4650 4825
4825 4679
4533 4540
4533 4617
4533 4672
4533 4721
4540 4815
4672 4822
4721 4577
4721 4722
4566 4536
4566 4565
4566 4666
4536 4865
4865 4827
4865 4828
4537 4770
4537 4804
4537 4805
4537 4806
4770 4680
4770 4684
4762 4538
4762 4565
4538 4807
4538 4808
4815 4816
4674 4798
4699 4557
4699 4657
4548 4547
4548 4575
4547 4637
4550 4585
4626 4732
4718 4705
4718 4731
4567 4678
4555 4669
4669 4688
4669 4826
4621 4559
4621 4582
4564 4563
4564 4639
4563 4812
4563 4813
4563 4814
4639 4640
4639 4820
4666 4778
4636 4568
4636 4618
4636 4641
4620 4576
4620 4632
4760 4759
4760 4776
4819 4598
4819 4818
4582 4622
4693 4691
4787 4791
4664 4590
4590 4722
4640 4644
4618 4624
4607 4643
4607 4689
4629 4671
4689 4688
4608 4772
4682 4681
4790 4789
4785 4784
4732 4707
4732 4739
4732 4744
4732 4756
4652 4628
4644 4667
4738 4720
4738 4736
4738 4741
4749 4750
4778 4779
4822 4809
4680 4824
4696 4817
4792 4791
4792 4793
4710 4703
4710 4734
4703 4745
4745 4707
4713 4704
4713 4709
4704 4744
4715 4705
4715 4706
4712 4706
4712 4731
4727 4707
4727 4708
4727 4711
4727 4716
4727 4747
4707 4728
4707 4751
4728 4708
4709 4723
4723 4734
4726 4711
4726 4714
4726 4724
4726 4735
4726 4773
4726 4774
4714 4750
4750 4720
4750 4729
4750 4743
4719 4716
4719 4735
4730 4717
4730 4737
4717 4736
4720 4754
4754 4757
4754 4811
4724 4753
4725 4755
4725 4783
4783 4782
4747 4729
4737 4733
4739 4746
4733 4743
4741 4740
4746 4740
4768 4769
4779 4823
4793 4786
4791 4794
4827 4883
4883 4835
4883 4873
4828 4873
4898 4897
4898 4924
4840 4839
4840 4843
4840 4886
4888 4886
4895 4832
4895 4925
4832 4897
4897 4925
4846 4833
4846 4847
4833 4915
4833 4922
4922 4911
4835 4834
4880 4837
4837 4889
4837 4903
4889 4871
4903 4838
4902 4838
4902 4904
4839 4841
4839 4842
4886 4885
4847 4845
4847 4872
4847 4899
4872 4871
4872 4890
4899 4879
4907 4905
4907 4918
4908 4900
4921 4916
4850 4891
4859 4851
4859 4857
4855 4870
4862 4876
4924 4894
4879 4869
4879 4914
4869 4912
4912 4917
4871 4904
4871 4916
4913 4909
4923 4909
4923 4917
4900 4906
4900 4920
4906 4905
4920 4910
4928 4937
4937 4935
4936 4934
4931 4934
4932 4938
