0 1
0 299
0 298
0 297
0 211
0 181
0 250
0 173
1 2
1 3
1 299
1 5
1 297
1 79
1 218
2 3
2 5
2 299
2 165
2 76
2 159
2 190
3 6
3 166
3 4
3 216
3 219
3 279
3 227
4 7
4 8
4 204
4 143
4 186
4 258
4 238
5 7
5 68
5 224
5 270
5 285
6 7
6 9
6 298
6 143
6 241
6 268
7 8
7 9
7 11
7 269
8 9
8 10
8 11
8 12
9 10
9 11
9 13
9 263
9 105
9 29
10 11
10 13
10 271
10 192
11 12
11 14
11 15
11 67
11 171
11 141
11 211
11 289
12 15
12 16
12 259
12 81
12 195
13 15
13 17
13 115
13 40
13 42
13 101
13 59
14 15
14 16
14 17
14 18
15 16
15 17
15 174
15 44
15 101
15 288
16 17
16 18
16 19
16 127
16 136
16 261
17 19
17 21
17 22
17 138
17 152
17 85
17 165
18 22
18 242
18 125
18 111
18 77
18 181
18 277
19 20
19 22
19 23
19 215
19 156
19 76
20 22
20 219
20 107
20 177
20 153
20 91
21 24
21 190
21 172
21 62
22 24
22 25
22 26
22 295
22 151
22 234
23 25
23 27
23 284
23 290
23 256
24 25
24 27
24 137
24 277
24 94
24 97
24 196
25 27
25 28
25 29
25 228
25 230
26 29
26 30
26 64
26 132
26 87
26 248
27 29
27 30
27 259
27 159
27 121
27 122
28 30
28 31
28 203
28 46
28 50
28 256
28 261
28 267
29 30
29 31
29 37
29 102
30 32
30 34
30 187
30 252
31 33
31 131
31 135
31 147
31 153
32 34
32 35
32 148
32 265
32 253
32 168
32 230
32 242
33 34
33 36
33 166
33 273
33 249
33 278
33 83
34 35
34 36
34 37
34 84
35 36
35 88
35 237
35 238
36 37
36 39
36 40
36 279
36 118
37 38
37 97
37 202
37 142
37 162
37 56
37 210
37 109
38 39
38 40
38 41
38 42
38 259
38 233
39 40
39 41
39 42
39 43
40 42
40 43
40 289
40 148
41 151
41 231
41 242
41 281
41 79
42 44
42 45
42 75
42 128
43 47
43 134
43 243
43 107
43 138
43 233
44 45
44 46
44 47
44 100
44 214
44 242
44 230
45 46
45 47
45 48
45 49
46 48
46 168
46 104
46 87
46 94
47 48
47 50
47 180
47 198
47 255
47 125
48 49
48 50
48 51
48 149
48 179
48 124
48 246
49 50
49 51
49 52
49 120
49 92
50 52
50 53
50 54
50 115
50 126
50 118
50 167
51 53
51 54
51 55
51 285
52 53
52 55
52 56
52 71
52 144
52 269
52 127
52 271
53 55
53 56
53 57
53 264
53 197
53 134
54 268
54 180
54 265
54 76
54 126
54 238
54 176
55 58
55 59
55 198
55 174
56 58
56 59
56 271
56 273
57 58
57 59
57 61
57 251
57 293
57 183
58 62
58 292
58 194
58 161
58 180
59 61
59 63
59 130
59 134
59 180
59 201
60 61
60 171
60 241
60 210
60 72
60 191
60 240
60 249
60 250
61 62
61 64
61 65
61 116
61 196
62 63
62 64
62 211
62 201
62 133
62 152
63 64
63 65
63 66
63 67
63 234
63 255
64 65
64 279
64 132
64 229
65 67
65 68
65 69
65 279
65 136
66 68
66 70
66 273
66 262
67 68
67 69
67 71
67 192
67 147
68 70
68 71
68 72
68 187
68 121
68 132
69 70
69 72
69 73
69 120
69 179
69 146
69 157
70 71
70 72
70 73
70 85
71 75
71 256
71 250
71 261
72 74
72 207
72 183
72 192
72 263
73 74
73 76
73 188
73 216
74 76
74 77
74 78
74 124
74 158
75 76
75 77
75 93
75 148
76 77
76 78
76 91
76 87
76 228
76 244
77 80
77 125
77 175
77 172
77 106
78 79
78 80
78 81
78 295
78 144
78 254
78 140
78 95
79 80
79 224
79 282
79 287
79 84
79 97
79 150
80 81
80 83
80 131
80 88
81 85
81 106
81 97
81 94
82 85
82 271
82 161
82 147
83 84
83 134
83 230
83 151
83 145
84 85
84 86
84 87
84 155
84 189
84 220
85 86
85 127
85 109
85 204
86 87
86 89
86 120
86 294
87 88
87 138
87 235
87 217
88 92
88 208
88 158
88 213
89 91
89 92
89 93
89 279
89 162
90 92
90 272
90 289
90 203
90 292
90 93
91 95
91 102
91 171
92 93
92 94
92 95
92 96
92 185
92 261
93 208
93 237
93 145
93 133
94 95
94 96
94 211
94 254
94 208
94 191
95 96
95 97
95 99
95 203
96 97
96 98
96 100
96 166
96 111
97 227
97 193
97 270
98 99
98 101
98 219
98 111
98 119
99 101
99 102
99 240
99 214
100 102
100 103
100 104
100 141
100 248
101 102
101 105
102 103
102 104
102 105
102 230
102 142
103 104
103 107
103 173
103 229
104 107
104 108
104 141
104 113
105 106
105 148
105 145
105 128
105 180
106 107
106 108
106 110
106 158
106 295
107 110
107 289
107 285
107 290
107 288
107 114
108 110
108 111
108 170
108 173
108 267
108 247
108 151
109 112
109 113
109 145
109 236
109 239
110 111
110 112
110 113
110 114
110 205
110 244
110 191
111 112
111 115
111 296
112 113
112 114
112 115
112 116
112 239
113 114
113 116
113 219
114 115
114 116
114 117
114 128
115 116
115 117
115 119
115 162
115 228
115 157
116 118
116 120
116 264
116 168
117 118
117 119
117 121
117 285
117 169
118 139
118 262
118 161
119 120
119 121
119 122
119 150
120 121
120 251
120 125
120 209
121 122
121 289
121 200
121 260
122 124
122 125
122 269
122 151
123 125
123 126
123 127
123 136
124 128
124 152
124 283
124 241
124 236
124 202
125 126
125 127
125 129
125 261
125 187
126 130
126 139
127 130
127 131
127 219
127 212
128 130
128 137
128 270
128 240
129 130
129 131
129 133
129 232
129 252
129 248
129 175
130 133
130 134
130 176
130 257
130 203
131 133
131 135
131 216
131 173
132 136
132 250
132 134
132 242
132 146
133 135
133 158
133 183
134 138
134 146
134 152
134 186
134 137
135 136
135 139
135 147
135 247
136 139
136 198
136 213
136 146
136 143
137 141
137 145
137 259
138 142
138 199
138 252
139 141
139 142
139 143
139 154
139 248
139 175
139 222
140 142
140 175
140 221
140 271
141 239
141 257
141 151
141 179
141 293
142 145
142 146
142 153
142 224
142 298
143 281
143 268
143 262
144 148
144 153
144 209
144 276
144 159
144 237
144 282
145 148
145 163
146 277
146 208
146 231
147 150
147 151
147 198
148 149
148 288
148 238
148 218
148 292
149 150
149 151
149 243
150 151
150 152
150 153
150 275
150 159
150 197
151 152
151 193
152 154
152 155
152 164
153 154
153 156
153 167
154 156
154 158
154 263
154 182
154 195
154 164
155 157
155 159
155 156
155 227
156 158
156 159
156 228
156 182
157 159
157 160
157 171
157 203
157 254
158 159
158 162
158 297
158 223
158 256
159 161
159 282
159 288
160 161
160 162
160 163
160 203
160 279
160 273
161 162
161 164
161 217
161 232
161 272
161 211
162 191
163 164
163 165
163 166
163 167
164 165
164 292
164 298
164 258
165 166
165 167
165 168
165 251
165 284
166 168
166 262
166 225
166 219
167 170
167 171
167 184
168 169
168 170
168 171
169 171
169 172
169 173
169 278
169 223
169 287
170 173
170 288
170 276
170 215
170 257
171 174
171 204
171 186
171 207
172 173
172 176
172 185
172 291
173 174
173 176
174 177
174 178
174 297
175 176
175 227
176 178
176 179
176 207
176 294
177 207
177 297
177 236
178 180
178 181
178 182
178 201
178 291
179 273
179 263
180 182
180 183
180 280
181 183
181 185
181 245
182 184
182 185
182 229
182 295
183 240
183 288
184 186
184 188
184 294
184 270
185 187
185 188
185 245
185 223
186 187
186 199
187 188
187 189
187 191
187 240
188 189
188 190
188 192
188 268
189 190
189 192
189 193
190 192
190 193
190 256
190 197
190 253
191 192
191 247
192 193
192 297
192 215
193 195
193 197
193 198
193 265
194 195
194 196
194 197
194 198
195 198
195 206
196 197
196 199
196 200
196 278
197 198
197 206
198 199
198 230
199 200
199 201
199 203
199 231
200 201
200 202
200 204
200 265
201 203
201 204
201 236
202 204
202 205
202 206
203 273
204 206
204 207
204 216
204 263
205 208
205 209
205 259
206 207
206 208
206 209
206 252
207 209
207 211
207 276
207 224
207 271
207 263
208 209
208 212
208 239
209 212
209 213
209 265
209 217
209 288
210 211
210 288
211 213
211 215
212 213
212 214
212 215
213 214
213 215
213 217
213 284
214 215
214 218
214 280
215 217
215 218
215 286
216 219
216 220
217 218
217 219
217 240
218 219
218 220
218 221
218 222
218 267
218 271
218 261
219 222
219 223
219 240
220 221
220 222
220 223
220 259
221 222
221 223
221 224
221 225
221 268
222 223
222 224
222 225
222 290
223 225
223 227
223 236
223 265
224 227
224 254
225 226
225 227
225 228
225 229
226 227
226 228
226 229
226 230
226 257
226 251
227 229
227 261
228 230
229 230
229 231
229 233
230 233
230 294
231 233
231 234
232 234
232 236
233 234
233 235
234 236
234 238
235 238
235 239
235 259
236 237
236 272
236 267
236 245
237 238
237 295
238 239
238 240
238 242
239 253
239 289
240 242
241 242
241 244
241 245
242 243
243 245
243 246
243 247
244 246
244 247
245 247
245 249
246 248
246 273
246 284
247 248
247 250
247 274
248 250
249 250
249 251
250 252
250 253
250 262
251 254
251 273
252 255
252 257
253 255
253 256
253 263
254 299
255 256
255 257
256 257
256 258
256 285
258 259
258 261
258 262
259 278
259 276
260 262
260 263
260 264
260 269
260 297
261 284
262 263
262 266
263 278
263 271
264 265
264 266
264 267
264 288
266 267
266 268
266 269
266 270
267 270
268 270
268 271
268 287
269 271
269 273
269 279
270 271
270 274
272 274
272 276
273 275
273 276
273 277
274 275
274 276
274 277
274 278
275 276
275 278
275 279
276 277
276 279
276 280
277 278
277 280
278 279
278 280
278 291
279 282
279 283
280 281
280 282
280 284
281 282
281 283
281 284
281 285
282 283
282 285
283 285
283 286
283 287
284 287
285 288
286 287
286 288
286 289
286 290
287 290
287 291
288 290
289 291
290 293
291 294
292 293
292 294
292 295
293 294
293 295
294 297
294 298
295 297
295 298
296 297
296 298
296 299
297 299
298 299
